704, 825, 39:[258.3442329769997, 713.0]
75, 438, 684:[168.63110069400008, 801.0]
969, 458, 888:[193.44518107600013, 949.0]
969, 458, 208:[191.17837099300013, 949.0]
458, 290, 888:[189.23430456799977, 949.0]
815, 862, 494:[140.8093330580001, 1063.0]
158, 617, 354:[149.62051789400007, 1073.0]
593, 862, 895:[146.4398555589999, 1094.0]
895, 862, 120:[146.246529114, 1094.0]
935, 638, 192:[128.14482429799983, 1117.0]
842, 572, 350:[143.99547979299996, 1201.0]
842, 572, 803:[143.02260074100033, 1201.0]
765, 70, 684:[166.58252959300023, 1221.0]
842, 572, 579:[138.41042184100004, 1224.0]
185, 960, 471:[161.7318717950001, 1314.0]
