842, 572, 411, 350, 803, 579:[14.293813011090915, 1235.0]
309, 510, 90, 620, 120, 793:[11.965167400107335, 1384.0]
783, 837, 413, 276, 299, 634:[9.322725742689457, 1616.0]
262, 294, 708, 853, 352, 883:[9.647778710550005, 1910.0]
721, 731, 385, 790, 885, 283:[8.821248778966929, 2043.0]
590, 41, 208, 606, 541, 116:[9.264174741274395, 2066.0]
150, 826, 236, 852, 204, 906:[9.603113823503152, 2067.0]
898, 890, 163, 190, 25, 581:[9.382594924637555, 2119.0]
190, 890, 163, 25, 581, 782:[9.191472784153387, 2119.0]
66, 823, 470, 884, 874, 1:[8.644540413775545, 2174.0]
499, 511, 594, 614, 112, 285:[8.812217805266824, 2209.0]
840, 513, 120, 509, 97, 438:[10.276760323203728, 2262.0]
483, 120, 509, 513, 97, 840:[10.008819051237536, 2262.0]
562, 132, 633, 12, 39, 181:[8.145503010905786, 2306.0]
647, 893, 982, 440, 517, 27:[9.05037139153406, 2513.0]
210, 617, 937, 71, 885, 522:[10.175124029009146, 2660.0]
647, 893, 982, 440, 517, 494:[8.487894386996318, 2671.0]
371, 18, 918, 554, 401, 886:[9.831101154878178, 2798.0]
499, 511, 594, 614, 112, 720:[8.526809955371286, 3025.0]
511, 594, 614, 112, 285, 720:[8.323885272152634, 3025.0]
594, 614, 720, 285, 387, 112:[8.076927996686429, 3025.0]
270, 585, 529, 947, 937, 295:[8.307444526197685, 3238.0]
