969, 290, 888, 458, 208:[44.329208901822696, 949.0]
309, 510, 620, 90, 120:[27.109778387624676, 1158.0]
842, 572, 411, 803, 350:[31.26165317036836, 1201.0]
842, 572, 803, 579, 350:[31.963430024698532, 1235.0]
572, 579, 411, 350, 803:[30.33103183273988, 1235.0]
842, 579, 411, 350, 803:[30.060793193564265, 1235.0]
842, 572, 411, 579, 350:[29.794996010229436, 1235.0]
309, 793, 620, 90, 120:[25.269080494285802, 1236.0]
309, 793, 510, 90, 120:[23.60269317593763, 1236.0]
309, 793, 620, 510, 120:[23.515315927229597, 1236.0]
546, 217, 947, 923, 661:[32.07592491452347, 1247.0]
58, 480, 27, 752, 354:[27.069481661932915, 1329.0]
371, 18, 918, 554, 401:[19.74622278618222, 1376.0]
371, 886, 554, 918, 401:[20.060218225565382, 1487.0]
783, 634, 413, 299, 276:[19.370485863346804, 1552.0]
942, 783, 413, 634, 276:[17.897624633338605, 1552.0]
942, 837, 783, 413, 276:[16.148135901415543, 1552.0]
742, 735, 274, 346, 157:[18.700166310693284, 1598.0]
252, 38, 283, 526, 71:[22.39571371760908, 1605.0]
299, 837, 634, 413, 276:[20.903738644430845, 1616.0]
783, 837, 276, 299, 634:[19.056110200959044, 1616.0]
942, 837, 413, 634, 276:[18.884722151368948, 1616.0]
783, 837, 413, 634, 299:[18.325456032957923, 1616.0]
783, 837, 413, 276, 634:[16.891910301596003, 1616.0]
709, 600, 177, 310, 970:[18.56314192674148, 1632.0]
66, 967, 675, 886, 85:[22.035129734809946, 1670.0]
742, 735, 274, 346, 809:[17.885251947034423, 1707.0]
157, 735, 809, 346, 145:[16.58038025813088, 1707.0]
840, 509, 120, 438, 97:[21.893945483791445, 1714.0]
910, 597, 175, 960, 766:[21.530383327861045, 1727.0]
336, 509, 593, 354, 921:[19.833190262626704, 1727.0]
336, 509, 71, 354, 921:[18.63831984234404, 1727.0]
7, 606, 419, 975, 854:[24.773202809312977, 1739.0]
11, 470, 793, 534, 995:[18.931092936392098, 1761.0]
240, 17, 541, 956, 236:[24.07088866553851, 1779.0]
511, 614, 112, 285, 387:[19.359868603724166, 1820.0]
511, 594, 112, 614, 387:[18.51669305015737, 1820.0]
511, 594, 112, 387, 285:[18.4375806554472, 1820.0]
511, 594, 614, 285, 387:[16.57084264220642, 1820.0]
375, 731, 721, 790, 385:[17.621945294683954, 1822.0]
436, 628, 272, 168, 154:[25.150427258764193, 1837.0]
721, 731, 385, 283, 790:[18.47821203091562, 1853.0]
375, 731, 790, 283, 385:[17.718013155845885, 1853.0]
375, 731, 721, 283, 385:[16.12782443422611, 1853.0]
262, 853, 294, 883, 978:[20.30788335213854, 1860.0]
262, 853, 883, 352, 978:[20.23966081804915, 1860.0]
262, 853, 708, 352, 978:[20.0454223278676, 1860.0]
262, 853, 294, 708, 978:[19.70686373127499, 1860.0]
764, 279, 242, 392, 489:[19.389628139219482, 1884.0]
262, 853, 294, 352, 978:[21.154154484661955, 1898.0]
262, 294, 883, 352, 978:[20.858618031153693, 1898.0]
150, 826, 236, 852, 906:[20.651812179176176, 1909.0]
262, 294, 708, 352, 978:[19.49503895672441, 1910.0]
66, 823, 523, 884, 470:[16.23725204563048, 1936.0]
483, 120, 509, 97, 840:[21.511654967896263, 1947.0]
721, 731, 283, 885, 790:[18.922933880260675, 1947.0]
721, 385, 283, 885, 790:[18.53370676658839, 1947.0]
375, 731, 790, 885, 385:[17.87290463200537, 1947.0]
721, 731, 385, 885, 790:[17.688695162073497, 1947.0]
375, 385, 721, 790, 885:[16.960730915941078, 1947.0]
326, 774, 526, 950, 722:[16.887226174365793, 1959.0]
781, 78, 259, 177, 775:[22.128998897461365, 1997.0]
336, 989, 71, 593, 921:[21.296918838834767, 2010.0]
336, 509, 989, 354, 921:[20.287644114483218, 2010.0]
336, 989, 71, 354, 921:[20.206079919075574, 2010.0]
336, 509, 989, 71, 921:[20.032350105517377, 2010.0]
371, 18, 886, 554, 401:[20.43534488741277, 2017.0]
216, 798, 998, 387, 692:[17.830326154546547, 2029.0]
216, 998, 789, 692, 387:[17.1869510572994, 2029.0]
485, 216, 387, 789, 692:[16.606628017231177, 2029.0]
485, 216, 387, 409, 692:[16.464914216338844, 2029.0]
590, 41, 208, 541, 116:[20.128563863892612, 2066.0]
590, 41, 606, 541, 116:[18.05742840540228, 2066.0]
590, 208, 606, 541, 116:[17.83919361230511, 2066.0]
590, 41, 208, 606, 116:[17.115433586504636, 2066.0]
852, 204, 906, 236, 826:[19.92712416655615, 2067.0]
150, 204, 852, 236, 906:[19.86716204375148, 2067.0]
150, 826, 204, 852, 906:[19.82009356823093, 2067.0]
150, 826, 236, 204, 906:[19.752924069891343, 2067.0]
910, 100, 617, 362, 54:[19.09450832565422, 2081.0]
910, 100, 617, 54, 69:[18.853230496133573, 2090.0]
910, 617, 362, 69, 54:[18.606484598568496, 2090.0]
910, 100, 69, 54, 362:[17.741096400554614, 2090.0]
898, 890, 782, 25, 163:[20.68007613440869, 2119.0]
898, 190, 782, 25, 163:[20.084476304456768, 2119.0]
163, 890, 25, 782, 581:[19.829589520414636, 2119.0]
898, 190, 890, 163, 25:[18.88699318771518, 2119.0]
898, 190, 890, 25, 581:[18.580613270022557, 2119.0]
190, 163, 782, 25, 581:[18.541319036920655, 2119.0]
190, 890, 163, 25, 782:[18.528687434029525, 2119.0]
898, 190, 890, 782, 581:[18.52404950531906, 2119.0]
190, 890, 163, 581, 782:[17.200495839840855, 2119.0]
326, 774, 526, 403, 722:[16.20639512529487, 2119.0]
326, 774, 403, 722, 950:[16.18036398779006, 2119.0]
936, 73, 510, 684, 603:[17.84313471080662, 2132.0]
936, 73, 961, 510, 603:[17.734855922170034, 2132.0]
603, 510, 961, 684, 73:[16.988353936302193, 2132.0]
936, 73, 961, 684, 603:[16.653646337739453, 2132.0]
936, 510, 961, 603, 684:[16.039581536908212, 2132.0]
66, 823, 523, 874, 1:[17.997359539121927, 2174.0]
66, 823, 874, 884, 470:[17.273535514381884, 2174.0]
66, 1, 523, 874, 470:[16.781663683212418, 2174.0]
262, 597, 240, 470, 75:[17.737172607114704, 2179.0]
713, 334, 217, 343, 722:[17.435984883262662, 2184.0]
562, 132, 12, 181, 39:[17.19582523670141, 2184.0]
562, 906, 633, 39, 132:[17.06559189168435, 2184.0]
562, 132, 633, 181, 39:[16.049187155234495, 2184.0]
499, 511, 285, 614, 112:[19.85987138464219, 2209.0]
499, 511, 285, 387, 112:[19.66333652675555, 2209.0]
499, 511, 594, 285, 112:[17.998375768151476, 2209.0]
499, 614, 594, 387, 112:[16.84968350132981, 2209.0]
499, 511, 594, 112, 387:[16.5733312761905, 2209.0]
751, 21, 78, 205, 163:[17.913955227469806, 2214.0]
840, 513, 509, 97, 438:[21.50744415700563, 2262.0]
840, 513, 120, 97, 438:[20.510806610904392, 2262.0]
483, 120, 513, 97, 840:[19.86000733913069, 2262.0]
483, 840, 509, 513, 438:[19.52693244636618, 2262.0]
483, 120, 509, 513, 840:[19.251373094261147, 2262.0]
483, 120, 509, 513, 438:[18.81218465998649, 2262.0]
840, 513, 120, 509, 438:[18.446074171890906, 2262.0]
893, 440, 27, 883, 494:[19.167780420380243, 2286.0]
562, 906, 633, 12, 132:[17.60240592691988, 2306.0]
562, 906, 132, 12, 181:[17.074415581696, 2306.0]
562, 12, 633, 39, 181:[16.745953175607372, 2306.0]
301, 522, 118, 489, 362:[17.603406889645917, 2326.0]
301, 522, 622, 118, 362:[17.087067607770237, 2326.0]
301, 118, 622, 930, 362:[16.826048100805377, 2326.0]
301, 522, 622, 489, 362:[16.793001916962236, 2326.0]
930, 362, 522, 118, 489:[16.38945437245792, 2326.0]
568, 546, 538, 981, 878:[17.02411181321532, 2331.0]
568, 665, 538, 981, 546:[16.44587432416675, 2331.0]
546, 878, 538, 120, 981:[16.15333451799518, 2331.0]
980, 823, 470, 884, 1:[17.02013200434929, 2372.0]
980, 823, 66, 884, 470:[16.473613555428948, 2372.0]
101, 778, 229, 657, 147:[16.220043258673496, 2428.0]
713, 68, 343, 217, 722:[16.088027898886278, 2432.0]
157, 28, 809, 274, 145:[19.896182648786098, 2475.0]
157, 28, 346, 274, 145:[19.79945945646966, 2475.0]
742, 28, 274, 145, 157:[19.530168723819394, 2475.0]
742, 28, 274, 145, 809:[18.59328165914931, 2475.0]
28, 809, 145, 346, 274:[18.58664903299467, 2475.0]
608, 540, 526, 966, 438:[16.671250509714422, 2539.0]
608, 540, 790, 526, 966:[16.463174206319273, 2539.0]
278, 72, 775, 832, 239:[17.073203681834197, 2556.0]
278, 970, 775, 72, 239:[16.689247494621533, 2556.0]
278, 970, 775, 832, 239:[16.378206941977595, 2556.0]
822, 520, 775, 239, 278:[16.294608367527136, 2556.0]
822, 520, 775, 239, 832:[16.1115822005758, 2556.0]
210, 617, 885, 71, 522:[21.573868382607206, 2582.0]
980, 823, 470, 884, 874:[17.295053523466553, 2610.0]
980, 874, 66, 523, 884:[17.110536889589568, 2610.0]
980, 823, 66, 884, 874:[16.972388101446413, 2610.0]
742, 735, 28, 274, 157:[20.11866883018208, 2626.0]
742, 735, 28, 809, 157:[20.0167832488422, 2626.0]
28, 735, 145, 346, 274:[18.26783713784854, 2626.0]
157, 28, 809, 346, 735:[18.0894144362985, 2626.0]
28, 735, 145, 809, 274:[17.701339292083066, 2626.0]
742, 735, 28, 274, 809:[17.599814162579023, 2626.0]
742, 735, 28, 809, 145:[17.364513904411666, 2626.0]
28, 735, 809, 346, 274:[17.01028927140899, 2626.0]
210, 617, 885, 522, 937:[21.26381738952091, 2660.0]
210, 617, 937, 71, 522:[21.133097141179796, 2660.0]
210, 522, 885, 937, 71:[20.762525075801157, 2660.0]
617, 937, 522, 885, 71:[19.855128730707346, 2660.0]
412, 829, 256, 120, 740:[19.22682562193864, 2670.0]
371, 18, 918, 886, 401:[20.756999253220126, 2798.0]
608, 790, 438, 526, 966:[17.692383517718223, 2880.0]
187, 624, 548, 354, 423:[16.259288005245832, 2912.0]
101, 903, 229, 657, 147:[16.402324265789993, 2980.0]
67, 797, 966, 746, 692:[16.818699695946858, 2987.0]
387, 285, 614, 720, 112:[17.51006985590418, 3025.0]
499, 614, 594, 720, 112:[17.29381062033338, 3025.0]
499, 511, 594, 614, 720:[17.195521444527383, 3025.0]
499, 511, 594, 285, 720:[16.96495935319603, 3025.0]
499, 511, 594, 112, 720:[16.960686105558704, 3025.0]
499, 511, 285, 614, 720:[16.46893299449181, 3025.0]
270, 947, 937, 585, 295:[16.413509569340835, 3238.0]
270, 585, 937, 72, 295:[16.345845765183267, 3238.0]
270, 947, 937, 585, 541:[16.31109127917659, 3238.0]
