515, 33, 217, 346, 283:[49.34569703692091, 697.0]
969, 458, 290, 888, 208:[44.329208901822696, 949.0]
935, 638, 888, 192, 487:[29.785036884199787, 1117.0]
105, 862, 815, 494, 944:[30.011508198300962, 1217.0]
842, 572, 350, 579, 803:[31.963430024698532, 1235.0]
572, 579, 803, 350, 411:[30.33103183273988, 1235.0]
546, 217, 947, 923, 661:[32.07592491452347, 1247.0]
801, 461, 392, 569, 862:[28.95386486012451, 1343.0]
533, 72, 183, 594, 642:[26.388628499561054, 1378.0]
533, 72, 183, 594, 96:[24.893998182603227, 1378.0]
96, 72, 183, 541, 594:[23.189523771224298, 1378.0]
642, 96, 72, 183, 541:[22.867136963897014, 1378.0]
90, 510, 793, 120, 620:[25.242745727316663, 1384.0]
309, 510, 793, 620, 90:[24.274463537741315, 1384.0]
371, 918, 554, 401, 886:[20.060218225565382, 1487.0]
611, 38, 57, 21, 362:[22.95933952895519, 1509.0]
942, 837, 299, 783, 413:[17.943615770450517, 1552.0]
942, 837, 299, 783, 276:[17.839721383945612, 1552.0]
357, 27, 354, 752, 480:[27.874482396848705, 1596.0]
229, 631, 581, 401, 509:[20.09837426927317, 1600.0]
631, 758, 401, 581, 509:[18.095554386504848, 1600.0]
252, 38, 283, 526, 71:[22.39571371760908, 1605.0]
299, 837, 634, 413, 276:[20.903738644430845, 1616.0]
783, 837, 634, 299, 276:[19.056110200959044, 1616.0]
709, 600, 177, 310, 970:[18.56314192674148, 1632.0]
66, 967, 675, 886, 85:[22.035129734809946, 1670.0]
336, 509, 71, 593, 921:[19.57983568656333, 1682.0]
659, 157, 960, 470, 810:[26.449180450431612, 1707.0]
719, 960, 470, 157, 659:[24.230347882187797, 1707.0]
735, 346, 145, 274, 809:[17.021721130704236, 1707.0]
38, 57, 21, 362, 918:[24.493589699153375, 1709.0]
900, 236, 829, 617, 814:[21.719636969115463, 1722.0]
909, 676, 78, 980, 183:[18.456212191887342, 1725.0]
910, 960, 175, 766, 597:[21.530383327861045, 1727.0]
336, 509, 71, 593, 354:[19.768751629619786, 1727.0]
921, 593, 71, 509, 354:[18.710294936693497, 1727.0]
7, 606, 854, 975, 419:[24.773202809312977, 1739.0]
11, 995, 470, 793, 534:[18.931092936392098, 1761.0]
240, 17, 236, 956, 541:[24.070888665538515, 1779.0]
41, 116, 208, 541, 606:[20.698928701111456, 1786.0]
448, 878, 887, 538, 780:[23.46575353522806, 1795.0]
1, 998, 283, 944, 54:[18.881697285939683, 1806.0]
988, 832, 871, 580, 39:[19.757867468777743, 1808.0]
100, 617, 362, 69, 54:[18.435138514463432, 1809.0]
511, 594, 614, 285, 387:[16.57084264220642, 1820.0]
721, 731, 385, 790, 283:[18.47821203091562, 1853.0]
375, 721, 731, 385, 283:[16.12782443422611, 1853.0]
262, 294, 708, 853, 883:[20.11955823967779, 1860.0]
262, 294, 708, 853, 978:[19.70686373127499, 1860.0]
708, 294, 853, 978, 883:[19.023996631277573, 1860.0]
174, 241, 692, 766, 950:[17.74744499507919, 1860.0]
982, 893, 27, 883, 440:[20.38807224864354, 1878.0]
764, 489, 242, 279, 392:[19.389628139219482, 1884.0]
150, 826, 236, 852, 906:[20.651812179176176, 1909.0]
352, 708, 978, 294, 883:[18.881527665043897, 1910.0]
622, 325, 692, 736, 368:[16.863697810475244, 1923.0]
66, 823, 523, 884, 1:[17.567384799325517, 1936.0]
66, 823, 523, 884, 470:[16.23725204563048, 1936.0]
781, 78, 259, 177, 775:[22.128998897461365, 1997.0]
517, 982, 893, 494, 27:[19.4739021008846, 2000.0]
989, 921, 509, 71, 593:[20.43646964288133, 2010.0]
731, 790, 385, 283, 885:[17.733776633698703, 2043.0]
590, 41, 116, 208, 541:[20.128563863892612, 2066.0]
852, 236, 826, 204, 906:[19.92712416655615, 2067.0]
910, 100, 617, 362, 54:[19.09450832565422, 2081.0]
278, 970, 832, 72, 775:[16.377387406380365, 2081.0]
163, 890, 25, 581, 782:[19.829589520414636, 2119.0]
190, 890, 163, 782, 25:[18.528687434029525, 2119.0]
898, 890, 163, 190, 581:[18.015325115270922, 2119.0]
898, 890, 163, 190, 782:[17.69136813057112, 2119.0]
950, 774, 722, 526, 403:[17.325939616098385, 2119.0]
936, 510, 961, 73, 603:[17.734855922170034, 2132.0]
603, 510, 961, 684, 73:[16.988353936302193, 2132.0]
936, 961, 684, 73, 603:[16.653646337739453, 2132.0]
823, 523, 874, 1, 884:[17.70886268132315, 2174.0]
1, 523, 470, 874, 884:[17.56487771210984, 2174.0]
262, 597, 240, 470, 75:[17.737172607114704, 2179.0]
633, 906, 39, 132, 12:[19.31848951601971, 2184.0]
181, 906, 39, 132, 12:[17.94793357790642, 2184.0]
499, 511, 614, 594, 112:[18.513856122100506, 2209.0]
499, 511, 614, 594, 285:[16.96440774065545, 2209.0]
428, 784, 94, 401, 684:[18.02066200304585, 2212.0]
751, 78, 163, 205, 21:[17.913955227469806, 2214.0]
638, 885, 132, 120, 12:[24.870308048738984, 2219.0]
513, 509, 120, 97, 438:[20.24550234142628, 2262.0]
483, 120, 513, 97, 840:[19.86000733913069, 2262.0]
483, 120, 513, 97, 438:[19.64258642553936, 2262.0]
840, 513, 120, 509, 438:[18.446074171890906, 2262.0]
647, 893, 883, 517, 27:[20.009461789745146, 2286.0]
647, 893, 883, 517, 440:[19.555408793378124, 2286.0]
893, 440, 27, 494, 883:[19.167780420380247, 2286.0]
647, 893, 883, 517, 494:[19.166151680768554, 2286.0]
562, 132, 906, 12, 633:[17.602405926919875, 2306.0]
562, 132, 906, 12, 39:[17.14033602103751, 2306.0]
263, 886, 456, 769, 550:[22.50376087440056, 2313.0]
301, 622, 522, 930, 118:[16.76548023441086, 2326.0]
622, 118, 362, 522, 489:[16.419778799159484, 2326.0]
930, 622, 522, 362, 118:[16.014992405584753, 2326.0]
36, 925, 424, 981, 8:[16.18587720374647, 2330.0]
980, 66, 523, 823, 884:[16.725258198883754, 2372.0]
980, 66, 523, 823, 1:[16.625650639974715, 2372.0]
713, 68, 334, 343, 217:[16.694903545245996, 2432.0]
742, 28, 274, 157, 809:[20.231533485705093, 2475.0]
157, 28, 145, 809, 274:[19.896182648786098, 2475.0]
742, 28, 274, 157, 145:[19.530168723819394, 2475.0]
517, 982, 893, 494, 883:[18.74450852175342, 2513.0]
139, 608, 790, 540, 966:[17.337691080093435, 2539.0]
139, 608, 790, 540, 526:[17.297327147662344, 2539.0]
608, 540, 790, 526, 966:[16.463174206319273, 2539.0]
520, 239, 72, 832, 278:[16.06009162669269, 2556.0]
314, 980, 523, 874, 884:[16.074123980074912, 2610.0]
742, 28, 274, 157, 735:[20.118668830182077, 2626.0]
157, 28, 145, 809, 735:[17.938058048253065, 2626.0]
210, 617, 937, 71, 522:[21.133097141179796, 2660.0]
412, 256, 829, 120, 740:[19.22682562193864, 2670.0]
18, 554, 918, 886, 401:[19.915651712862484, 2798.0]
371, 18, 918, 554, 886:[19.751776825783033, 2798.0]
790, 540, 438, 526, 966:[17.617118278701373, 2880.0]
101, 903, 657, 229, 147:[16.402324265789993, 2980.0]
67, 966, 797, 692, 746:[16.818699695946858, 2987.0]
387, 614, 285, 112, 720:[17.51006985590418, 3025.0]
499, 511, 614, 594, 720:[17.195521444527383, 3025.0]
594, 614, 720, 285, 112:[17.10249983580256, 3025.0]
511, 594, 614, 285, 720:[16.18089009037831, 3025.0]
270, 585, 947, 541, 937:[16.31109127917659, 3238.0]
270, 585, 947, 541, 295:[16.005567271083617, 3238.0]
