533, 72, 541, 96, 183, 594, 642:[5.566487066658494, 1378.0]
942, 837, 783, 413, 634, 299, 276:[4.397999686586472, 1616.0]
262, 853, 294, 708, 352, 883, 978:[4.450056895482094, 1910.0]
647, 982, 494, 27, 883, 440, 517:[5.106484816385959, 2112.0]
898, 190, 890, 782, 25, 581, 163:[4.76317922362802, 2119.0]
66, 823, 523, 884, 874, 1, 470:[4.251717266907263, 2174.0]
483, 120, 513, 97, 509, 840, 438:[4.710711700441272, 2262.0]
562, 906, 12, 132, 181, 39, 633:[4.118004789844571, 2306.0]
301, 522, 622, 118, 489, 930, 362:[4.1001986478892105, 2326.0]
136, 568, 538, 120, 665, 981, 546:[4.070914795914304, 2331.0]
517, 982, 27, 494, 440, 893, 883:[5.0515276060395236, 2513.0]
647, 893, 494, 982, 883, 27, 517:[4.448749852594248, 2513.0]
980, 823, 66, 523, 874, 470, 884:[4.317527941012838, 2610.0]
314, 980, 874, 66, 1, 823, 470:[4.117287995452856, 2610.0]
742, 735, 28, 274, 346, 145, 157:[4.8472214218664575, 2626.0]
157, 28, 145, 809, 346, 274, 735:[4.121410613575549, 2626.0]
511, 594, 614, 112, 285, 720, 387:[4.229351578978106, 3025.0]
499, 511, 285, 614, 387, 720, 112:[4.185033234971949, 3025.0]
499, 511, 594, 285, 387, 720, 112:[4.154533037584816, 3025.0]
139, 540, 790, 608, 438, 966, 526:[4.225539694783114, 3146.0]
270, 947, 585, 541, 529, 937, 295:[4.223978117229548, 3238.0]
