842, 572, 579, 803, 350, 411:[14.293813011090915, 1235.0]
642, 541, 96, 594, 183, 72:[11.307759849501966, 1378.0]
309, 793, 510, 90, 620, 120:[11.965167400107335, 1384.0]
229, 631, 509, 758, 401, 581:[8.691804928069113, 1600.0]
942, 837, 413, 634, 299, 276:[10.215439634223321, 1616.0]
783, 837, 413, 276, 299, 634:[9.322725742689457, 1616.0]
719, 960, 157, 810, 470, 659:[11.360526394744545, 1707.0]
511, 594, 614, 112, 285, 387:[8.75910358307812, 1820.0]
262, 853, 294, 708, 352, 978:[9.599690432227678, 1910.0]
375, 731, 790, 283, 721, 885:[8.362969291160896, 1947.0]
989, 71, 593, 509, 354, 921:[9.241203320665152, 2010.0]
485, 216, 387, 409, 998, 692:[8.32911438841086, 2029.0]
721, 731, 385, 790, 885, 283:[8.821248778966929, 2043.0]
590, 41, 208, 606, 541, 116:[9.264174741274395, 2066.0]
150, 826, 236, 204, 852, 906:[9.603113823503152, 2067.0]
910, 100, 617, 362, 54, 69:[9.213627760299206, 2090.0]
647, 982, 440, 517, 494, 27:[9.91025896063883, 2112.0]
898, 190, 890, 782, 25, 163:[9.53923434597245, 2119.0]
190, 890, 25, 782, 581, 163:[9.191472784153387, 2119.0]
66, 823, 874, 884, 1, 470:[8.644540413775545, 2174.0]
66, 823, 523, 884, 874, 470:[8.468887264234752, 2174.0]
823, 874, 523, 884, 1, 470:[8.463213893727742, 2174.0]
562, 906, 132, 181, 39, 633:[8.03246840475287, 2184.0]
499, 511, 285, 614, 387, 112:[9.47668482023813, 2209.0]
499, 511, 594, 285, 387, 112:[8.512272869921839, 2209.0]
840, 513, 120, 509, 97, 438:[10.276760323203728, 2262.0]
483, 120, 513, 97, 509, 438:[9.761144959608652, 2262.0]
301, 522, 622, 118, 489, 362:[8.716234984707357, 2326.0]
314, 980, 523, 66, 1, 823:[8.668095526392923, 2372.0]
980, 823, 66, 523, 1, 884:[8.178131316873326, 2372.0]
982, 893, 27, 883, 440, 494:[9.886746662209282, 2513.0]
647, 893, 982, 440, 517, 27:[9.05037139153406, 2513.0]
980, 823, 66, 1, 874, 884:[8.132374317465144, 2610.0]
314, 980, 66, 1, 874, 884:[8.008353923441025, 2610.0]
742, 735, 28, 274, 346, 157:[9.685309558298822, 2626.0]
742, 735, 28, 809, 346, 157:[9.343340501233163, 2626.0]
742, 735, 28, 274, 346, 809:[8.415438126728846, 2626.0]
210, 617, 937, 71, 885, 522:[10.175124029009146, 2660.0]
647, 893, 982, 440, 517, 494:[8.487894386996318, 2671.0]
371, 18, 918, 886, 554, 401:[9.831101154878178, 2798.0]
511, 594, 387, 112, 285, 720:[8.799254556903872, 3025.0]
511, 614, 112, 285, 720, 387:[8.750930438564547, 3025.0]
499, 614, 285, 112, 594, 720:[8.133303769718822, 3025.0]
594, 614, 720, 285, 387, 112:[8.076927996686429, 3025.0]
270, 947, 585, 541, 529, 295:[8.271487514426937, 3238.0]
295, 585, 541, 947, 937, 529:[8.243838538806063, 3238.0]
