533, 72, 96, 642, 183, 594:[12.798186955444201, 1378.0]
642, 96, 72, 183, 594, 541:[11.307759849501966, 1378.0]
309, 510, 620, 90, 793, 120:[11.965167400107335, 1384.0]
357, 27, 752, 354, 58, 480:[12.531876855955954, 1596.0]
783, 837, 634, 299, 413, 276:[9.322725742689457, 1616.0]
719, 960, 810, 157, 659, 470:[11.360526394744545, 1707.0]
611, 38, 21, 57, 918, 362:[11.728562744328354, 1709.0]
262, 294, 708, 853, 352, 883:[9.647778710550005, 1910.0]
352, 708, 294, 978, 853, 883:[8.675264852242009, 1910.0]
989, 921, 593, 354, 71, 509:[9.241203320665152, 2010.0]
721, 731, 385, 790, 885, 283:[8.821248778966929, 2043.0]
590, 41, 208, 606, 541, 116:[9.264174741274395, 2066.0]
150, 826, 236, 852, 204, 906:[9.603113823503152, 2067.0]
910, 100, 362, 69, 54, 617:[9.213627760299206, 2090.0]
517, 982, 494, 27, 440, 883:[11.02813216783651, 2112.0]
898, 890, 163, 190, 25, 581:[9.382594924637555, 2119.0]
190, 890, 25, 782, 581, 163:[9.191472784153387, 2119.0]
66, 823, 523, 884, 874, 1:[8.727581839586566, 2174.0]
823, 523, 1, 874, 470, 884:[8.463213893727742, 2174.0]
633, 906, 39, 132, 12, 181:[9.281452081195514, 2184.0]
499, 511, 614, 594, 387, 112:[8.552183950285622, 2209.0]
840, 513, 120, 509, 97, 438:[10.276760323203728, 2262.0]
483, 120, 513, 97, 509, 438:[9.761144959608652, 2262.0]
562, 132, 633, 12, 906, 181:[8.08107706491136, 2306.0]
742, 28, 809, 145, 346, 274:[9.323350947890292, 2475.0]
742, 28, 809, 145, 346, 157:[9.27101124515482, 2475.0]
647, 893, 982, 440, 27, 883:[9.635048038186778, 2513.0]
210, 617, 937, 71, 885, 522:[10.175124029009146, 2660.0]
647, 893, 982, 440, 27, 494:[9.291461756734561, 2671.0]
371, 18, 918, 554, 401, 886:[9.831101154878178, 2798.0]
511, 594, 614, 112, 285, 720:[8.323885272152634, 3025.0]
594, 614, 720, 285, 387, 112:[8.076927996686429, 3025.0]
499, 511, 614, 594, 387, 720:[8.006926673385589, 3025.0]
270, 585, 947, 541, 529, 295:[8.271487514426937, 3238.0]
295, 585, 947, 529, 541, 937:[8.243838538806063, 3238.0]
