346, 283, 217:[223.41703379699976, 697.0]
801, 392, 862:[168.67459016299995, 705.0]
704, 825, 39:[258.3442329769997, 713.0]
390, 12, 722:[157.8392265539999, 852.0]
969, 888, 208:[194.56321157600016, 949.0]
208, 290, 888:[194.4895056579999, 949.0]
458, 888, 208:[193.47006144800005, 949.0]
969, 458, 888:[193.44518107600013, 949.0]
969, 290, 208:[189.36778306800016, 949.0]
458, 290, 888:[189.23430456799977, 949.0]
158, 583, 354:[145.339600708, 1073.0]
158, 617, 583:[145.16930374500004, 1073.0]
782, 598, 529:[190.4929355380001, 1080.0]
534, 995, 470:[163.97438131400003, 1085.0]
546, 923, 661:[139.57672836299994, 1163.0]
923, 661, 947:[136.4243625570001, 1163.0]
708, 978, 883:[134.5867799909999, 1164.0]
663, 871, 471:[139.97232741599979, 1197.0]
661, 947, 217:[141.45435940999988, 1247.0]
546, 217, 661:[141.0566407180001, 1247.0]
923, 217, 947:[137.05846096600018, 1247.0]
716, 4, 373:[141.49461859800002, 1348.0]
682, 494, 368:[155.47366161400032, 1364.0]
54, 998, 944:[137.1248368229999, 1806.0]
