942, 837, 783, 413, 634, 299, 276:[4.397999686586472, 1616.0]
262, 294, 708, 853, 352, 978, 883:[4.450056895482093, 1910.0]
898, 890, 163, 190, 25, 782, 581:[4.76317922362802, 2119.0]
66, 823, 523, 884, 874, 470, 1:[4.251717266907263, 2174.0]
499, 511, 614, 594, 387, 285, 112:[4.16117193201944, 2209.0]
483, 120, 513, 97, 509, 840, 438:[4.710711700441272, 2262.0]
562, 132, 633, 12, 906, 39, 181:[4.118004789844571, 2306.0]
301, 622, 522, 930, 362, 118, 489:[4.100198647889211, 2326.0]
136, 568, 665, 120, 538, 981, 546:[4.070914795914304, 2331.0]
517, 982, 494, 27, 440, 893, 883:[5.0515276060395236, 2513.0]
647, 893, 982, 27, 517, 494, 883:[4.448749852594248, 2513.0]
314, 980, 523, 874, 823, 470, 884:[4.337760089291433, 2610.0]
314, 980, 523, 874, 823, 470, 66:[4.158845373350344, 2610.0]
742, 28, 809, 145, 346, 735, 157:[4.131459683047201, 2626.0]
157, 28, 145, 809, 346, 274, 735:[4.121410613575549, 2626.0]
511, 594, 614, 112, 285, 387, 720:[4.229351578978106, 3025.0]
139, 608, 540, 790, 438, 966, 526:[4.225539694783114, 3146.0]
270, 585, 947, 541, 529, 937, 295:[4.223978117229548, 3238.0]
