789, 829:[601.7211780000001, 462.0]
494, 368:[437.6250419999998, 724.0]
923, 947:[418.05890200000016, 724.0]
692, 368:[459.17098300000055, 732.0]
829, 368:[601.7169349999994, 742.0]
626, 496:[373.60820500000057, 799.0]
947, 217:[359.2305809999996, 822.0]
819, 684:[392.6792159999995, 824.0]
12, 722:[373.63814499999995, 852.0]
853, 795:[408.7357890000002, 911.0]
623, 795:[400.15440300000023, 911.0]
888, 217:[270.661851, 920.0]
290, 888:[420.4257050000002, 949.0]
969, 888:[409.06765699999966, 949.0]
969, 208:[399.25736799999976, 949.0]
581, 966:[330.5419900000001, 949.0]
541, 494:[350.86617800000033, 958.0]
978, 883:[307.3036609999998, 971.0]
960, 471:[476.15460399999904, 992.0]
937, 368:[351.01774899999936, 1040.0]
183, 766:[302.2145479999996, 1041.0]
529, 368:[310.4310719999998, 1046.0]
766, 368:[258.44937899999996, 1046.0]
120, 829:[288.3327240000001, 1055.0]
775, 177:[266.62874800000003, 1056.0]
919, 460:[290.902889, 1067.0]
143, 919:[283.2734069999999, 1067.0]
52, 598:[268.855735, 1068.0]
158, 354:[324.1180330000002, 1073.0]
598, 529:[473.9413840000005, 1080.0]
523, 998:[278.67537300000004, 1086.0]
90, 620:[278.63576500000033, 1092.0]
90, 120:[257.1955210000001, 1092.0]
487, 510:[327.6456570000007, 1094.0]
984, 793:[316.574668, 1106.0]
883, 494:[331.6935919999998, 1127.0]
701, 675:[264.4211450000004, 1128.0]
354, 722:[287.2204900000006, 1147.0]
884, 704:[264.21787299999994, 1173.0]
923, 460:[303.1409280000004, 1198.0]
923, 217:[294.67319000000003, 1247.0]
884, 937:[290.4495580000001, 1268.0]
591, 529:[259.305705, 1336.0]
746, 966:[300.9561400000001, 1341.0]
912, 348:[275.2724910000004, 1458.0]
950, 403:[279.7883719999996, 1499.0]
481, 143:[275.5965600000002, 1573.0]
145, 419:[309.40520899999996, 1642.0]
684, 766:[312.38630200000006, 1673.0]
394, 217:[259.676621, 1901.0]
