33, 346, 283:[218.37714462999978, 697.0]
33, 283, 217:[214.70357666700014, 697.0]
704, 825, 39:[258.3442329769997, 713.0]
75, 438, 684:[168.63110069400008, 801.0]
208, 290, 888:[194.4895056579999, 949.0]
969, 458, 888:[193.44518107600013, 949.0]
969, 290, 208:[189.36778306800016, 949.0]
963, 541, 494:[137.94783195600007, 958.0]
895, 862, 120:[146.246529114, 1094.0]
842, 411, 579:[136.124597216, 1112.0]
935, 638, 192:[128.14482429799983, 1117.0]
546, 923, 661:[139.57672836299994, 1163.0]
923, 661, 947:[136.4243625570001, 1163.0]
708, 978, 883:[134.5867799909999, 1164.0]
842, 572, 350:[143.99547979299996, 1201.0]
842, 350, 803:[141.83984341199985, 1201.0]
572, 803, 350:[140.84931275599988, 1201.0]
842, 572, 579:[138.41042184100004, 1224.0]
572, 579, 350:[138.50302461099994, 1235.0]
842, 350, 579:[135.93556843399998, 1235.0]
661, 947, 217:[141.45435940999988, 1247.0]
546, 217, 661:[141.0566407180001, 1247.0]
546, 217, 923:[136.073324754, 1247.0]
285, 947, 32:[149.70700956899987, 1284.0]
678, 185, 471:[164.28472955899983, 1314.0]
682, 494, 368:[155.47366161400032, 1364.0]
963, 631, 494:[130.5385735389999, 1396.0]
