842, 572, 579, 803, 350, 411:[14.293813011090915, 1235.0]
533, 72, 183, 594, 642, 96:[12.7981869554442, 1378.0]
533, 96, 183, 642, 541, 594:[11.86048290132259, 1378.0]
533, 72, 541, 594, 642, 96:[11.54206026577684, 1378.0]
533, 72, 183, 541, 96, 642:[11.472528719650791, 1378.0]
533, 72, 183, 541, 594, 96:[11.035835877051046, 1378.0]
309, 793, 510, 90, 620, 120:[11.965167400107335, 1384.0]
942, 783, 413, 634, 299, 276:[9.688917776553797, 1552.0]
942, 837, 413, 783, 299, 276:[8.808276890200576, 1552.0]
357, 58, 354, 752, 480, 27:[12.531876855955952, 1596.0]
742, 735, 274, 346, 145, 157:[8.947145537678086, 1598.0]
229, 631, 509, 758, 401, 581:[8.691804928069113, 1600.0]
942, 837, 413, 634, 299, 276:[10.215439634223321, 1616.0]
783, 837, 413, 276, 299, 634:[9.322725742689457, 1616.0]
942, 837, 783, 634, 299, 276:[8.522052045752142, 1616.0]
157, 735, 145, 346, 274, 809:[8.26013318612962, 1707.0]
511, 594, 614, 112, 285, 387:[8.75910358307812, 1820.0]
262, 853, 708, 352, 883, 978:[9.466396872263413, 1860.0]
262, 853, 294, 708, 883, 978:[9.317242249282035, 1860.0]
517, 982, 440, 893, 27, 883:[10.048626371071498, 1878.0]
262, 853, 294, 883, 352, 978:[10.016093526711984, 1898.0]
262, 853, 294, 708, 352, 978:[9.599690432227678, 1910.0]
262, 294, 883, 352, 708, 978:[9.318733990954728, 1910.0]
352, 708, 853, 294, 978, 883:[8.675264852242009, 1910.0]
314, 1, 523, 66, 470, 823:[9.676544230702254, 1936.0]
314, 1, 523, 66, 470, 884:[8.614766968517785, 1936.0]
66, 823, 523, 884, 1, 470:[8.148515810024946, 1936.0]
483, 120, 509, 97, 438, 840:[10.520951216717059, 1947.0]
375, 731, 790, 283, 721, 885:[8.362969291160896, 1947.0]
989, 71, 354, 509, 921, 593:[9.241203320665152, 2010.0]
485, 216, 387, 409, 998, 692:[8.32911438841086, 2029.0]
485, 216, 387, 789, 998, 692:[8.314221895852565, 2029.0]
721, 731, 385, 790, 885, 283:[8.821248778966929, 2043.0]
590, 41, 208, 606, 541, 116:[9.264174741274395, 2066.0]
150, 826, 236, 204, 852, 906:[9.603113823503152, 2067.0]
910, 100, 617, 362, 54, 69:[9.213627760299206, 2090.0]
517, 982, 440, 494, 27, 883:[11.02813216783651, 2112.0]
647, 982, 440, 517, 494, 27:[9.91025896063883, 2112.0]
898, 190, 782, 25, 581, 163:[9.666943601409278, 2119.0]
898, 190, 890, 782, 25, 163:[9.53923434597245, 2119.0]
190, 890, 25, 782, 581, 163:[9.191472784153387, 2119.0]
898, 190, 890, 782, 163, 581:[8.746415516707303, 2119.0]
66, 823, 874, 884, 1, 470:[8.644540413775545, 2174.0]
66, 823, 523, 884, 874, 470:[8.468887264234752, 2174.0]
823, 874, 523, 884, 1, 470:[8.463213893727742, 2174.0]
66, 1, 523, 874, 884, 470:[8.38855842165755, 2174.0]
562, 906, 132, 181, 39, 633:[8.03246840475287, 2184.0]
499, 511, 285, 614, 387, 112:[9.47668482023813, 2209.0]
499, 511, 594, 285, 614, 112:[8.812217805266824, 2209.0]
499, 511, 594, 387, 614, 112:[8.552183950285622, 2209.0]
499, 511, 594, 285, 387, 112:[8.512272869921839, 2209.0]
840, 513, 120, 509, 97, 438:[10.276760323203728, 2262.0]
483, 840, 513, 509, 97, 438:[10.097426150990197, 2262.0]
483, 120, 513, 97, 509, 438:[9.761144959608652, 2262.0]
483, 120, 513, 97, 840, 438:[9.401492767181535, 2262.0]
517, 893, 440, 494, 883, 27:[9.934686202083208, 2286.0]
647, 893, 440, 883, 517, 27:[9.490952760114723, 2286.0]
562, 906, 132, 12, 39, 633:[8.54193207004419, 2306.0]
562, 906, 181, 39, 12, 633:[8.227852692430282, 2306.0]
562, 132, 181, 633, 39, 12:[8.145503010905786, 2306.0]
562, 906, 132, 181, 12, 633:[8.08107706491136, 2306.0]
301, 522, 622, 118, 489, 362:[8.716234984707357, 2326.0]
301, 522, 118, 489, 930, 362:[8.405636274091357, 2326.0]
301, 118, 622, 930, 489, 362:[8.107598850230467, 2326.0]
136, 981, 538, 878, 120, 546:[8.346679282729891, 2331.0]
568, 665, 538, 120, 546, 878:[8.064700940494737, 2331.0]
314, 980, 523, 66, 1, 823:[8.668095526392923, 2372.0]
980, 823, 66, 884, 1, 470:[8.123475381307902, 2372.0]
742, 28, 274, 145, 346, 809:[9.323350947890292, 2475.0]
517, 982, 440, 494, 893, 883:[9.939988006377504, 2513.0]
647, 893, 982, 517, 883, 27:[9.455016706568735, 2513.0]
647, 893, 982, 440, 517, 27:[9.05037139153406, 2513.0]
520, 239, 832, 72, 775, 278:[8.102872894188517, 2556.0]
980, 823, 66, 884, 523, 874:[8.431794062588889, 2610.0]
980, 823, 470, 884, 523, 874:[8.09648148571207, 2610.0]
314, 980, 66, 1, 874, 884:[8.008353923441025, 2610.0]
742, 735, 28, 274, 145, 157:[10.021508770075073, 2626.0]
742, 735, 28, 274, 346, 157:[9.685309558298822, 2626.0]
157, 28, 145, 809, 274, 735:[9.424183190803156, 2626.0]
157, 28, 145, 346, 274, 735:[9.39084063357683, 2626.0]
742, 735, 28, 809, 346, 157:[9.343340501233163, 2626.0]
157, 28, 735, 809, 274, 346:[9.19195438697759, 2626.0]
210, 617, 937, 885, 522, 71:[10.175124029009146, 2660.0]
486, 242, 438, 71, 684, 8:[8.094366409900495, 2660.0]
486, 71, 438, 8, 75, 684:[8.176305393210413, 2751.0]
371, 18, 918, 886, 554, 401:[9.831101154878178, 2798.0]
511, 594, 387, 112, 285, 720:[8.799254556903872, 3025.0]
511, 614, 112, 285, 720, 387:[8.750930438564547, 3025.0]
511, 594, 614, 112, 720, 387:[8.750582036073373, 3025.0]
270, 947, 541, 529, 937, 295:[8.557127318127163, 3238.0]
270, 947, 585, 529, 937, 295:[8.307444526197685, 3238.0]
270, 947, 585, 541, 529, 295:[8.271487514426937, 3238.0]
295, 585, 541, 947, 937, 529:[8.243838538806063, 3238.0]
