969, 290, 888, 458, 208:[44.329208901822696, 949.0]
309, 510, 620, 90, 120:[27.109778387624676, 1158.0]
842, 572, 411, 803, 350:[31.26165317036836, 1201.0]
842, 572, 803, 579, 350:[31.963430024698532, 1235.0]
842, 579, 411, 803, 350:[30.060793193564265, 1235.0]
842, 572, 411, 579, 350:[29.794996010229436, 1235.0]
309, 793, 620, 90, 120:[25.269080494285802, 1236.0]
309, 793, 510, 90, 120:[23.60269317593763, 1236.0]
546, 217, 947, 923, 661:[32.07592491452347, 1247.0]
58, 480, 27, 752, 354:[27.069481661932915, 1329.0]
801, 461, 862, 392, 569:[28.95386486012451, 1343.0]
533, 96, 183, 642, 594:[26.75571045120349, 1378.0]
533, 72, 541, 642, 96:[24.5138529323884, 1378.0]
642, 541, 96, 594, 183:[24.4851558153907, 1378.0]
533, 72, 183, 541, 594:[24.41860192781543, 1378.0]
533, 72, 183, 541, 96:[22.140064115459957, 1378.0]
90, 510, 620, 793, 120:[25.242745727316663, 1384.0]
371, 886, 554, 918, 401:[20.060218225565382, 1487.0]
942, 837, 413, 783, 299:[17.943615770450517, 1552.0]
942, 837, 413, 783, 276:[16.148135901415543, 1552.0]
229, 631, 401, 758, 509:[18.651413859368212, 1600.0]
252, 38, 283, 526, 71:[22.39571371760908, 1605.0]
942, 837, 413, 634, 276:[18.884722151368948, 1616.0]
783, 837, 413, 276, 634:[16.891910301596003, 1616.0]
709, 600, 177, 310, 970:[18.56314192674148, 1632.0]
66, 967, 675, 886, 85:[22.035129734809946, 1670.0]
38, 21, 918, 57, 362:[24.493589699153375, 1709.0]
909, 980, 183, 78, 676:[18.456212191887342, 1725.0]
7, 606, 419, 975, 854:[24.773202809312977, 1739.0]
11, 470, 793, 534, 995:[18.931092936392098, 1761.0]
240, 17, 541, 236, 956:[24.070888665538515, 1779.0]
1, 998, 283, 54, 944:[18.881697285939683, 1806.0]
54, 283, 944, 998, 183:[18.54729319469484, 1806.0]
100, 617, 362, 69, 54:[18.435138514463432, 1809.0]
511, 614, 112, 285, 387:[19.359868603724166, 1820.0]
511, 594, 112, 614, 387:[18.51669305015737, 1820.0]
511, 594, 112, 387, 285:[18.4375806554472, 1820.0]
511, 594, 112, 614, 285:[17.86971306400524, 1820.0]
375, 731, 721, 790, 385:[17.621945294683954, 1822.0]
262, 853, 294, 708, 883:[20.11955823967779, 1860.0]
262, 853, 294, 708, 978:[19.70686373127499, 1860.0]
708, 853, 294, 978, 883:[19.023996631277576, 1860.0]
174, 950, 241, 692, 766:[17.74744499507919, 1860.0]
764, 279, 242, 392, 489:[19.389628139219482, 1884.0]
150, 826, 236, 852, 906:[20.651812179176176, 1909.0]
66, 823, 523, 884, 1:[17.567384799325517, 1936.0]
66, 823, 523, 884, 470:[16.23725204563048, 1936.0]
721, 731, 385, 885, 790:[17.688695162073497, 1947.0]
375, 731, 721, 790, 885:[16.559500033169194, 1947.0]
781, 78, 259, 177, 775:[22.128998897461365, 1997.0]
562, 906, 633, 39, 181:[16.285204737003763, 2014.0]
485, 216, 387, 409, 692:[16.464914216338844, 2029.0]
731, 385, 790, 283, 885:[17.733776633698707, 2043.0]
590, 41, 208, 541, 116:[20.128563863892612, 2066.0]
590, 41, 208, 606, 116:[17.115433586504636, 2066.0]
852, 204, 236, 906, 826:[19.92712416655615, 2067.0]
150, 204, 852, 236, 906:[19.86716204375148, 2067.0]
150, 826, 204, 852, 906:[19.82009356823093, 2067.0]
150, 826, 236, 204, 906:[19.752924069891343, 2067.0]
278, 970, 775, 72, 832:[16.377387406380365, 2081.0]
910, 100, 617, 362, 69:[19.00610802188865, 2090.0]
647, 982, 440, 517, 27:[20.297857438150515, 2112.0]
647, 982, 440, 517, 883:[19.982783241715985, 2112.0]
163, 890, 25, 782, 581:[19.829589520414636, 2119.0]
190, 890, 163, 25, 782:[18.528687434029525, 2119.0]
898, 190, 890, 782, 581:[18.52404950531906, 2119.0]
898, 190, 890, 782, 163:[17.69136813057112, 2119.0]
936, 73, 510, 684, 603:[17.84313471080662, 2132.0]
936, 73, 961, 510, 603:[17.734855922170034, 2132.0]
936, 73, 961, 684, 603:[16.653646337739453, 2132.0]
66, 823, 874, 884, 470:[17.273535514381884, 2174.0]
262, 597, 240, 470, 75:[17.737172607114704, 2179.0]
713, 334, 217, 343, 722:[17.435984883262662, 2184.0]
562, 132, 12, 181, 39:[17.19582523670141, 2184.0]
751, 21, 78, 205, 163:[17.913955227469806, 2214.0]
840, 513, 120, 97, 438:[20.510806610904392, 2262.0]
483, 120, 509, 513, 840:[19.251373094261147, 2262.0]
483, 120, 509, 513, 438:[18.81218465998649, 2262.0]
840, 513, 120, 509, 438:[18.446074171890906, 2262.0]
893, 440, 27, 883, 494:[19.167780420380243, 2286.0]
647, 893, 440, 517, 494:[18.763404284425484, 2286.0]
562, 906, 12, 181, 132:[17.074415581696, 2306.0]
562, 906, 12, 181, 633:[16.39046609004332, 2306.0]
301, 522, 622, 118, 362:[17.087067607770237, 2326.0]
301, 522, 622, 118, 930:[16.765480234410862, 2326.0]
930, 362, 522, 118, 489:[16.38945437245792, 2326.0]
36, 925, 981, 424, 8:[16.18587720374647, 2330.0]
568, 665, 538, 981, 546:[16.44587432416675, 2331.0]
568, 665, 538, 981, 878:[16.41802983537234, 2331.0]
546, 665, 878, 538, 981:[16.38964640906041, 2331.0]
980, 823, 66, 1, 884:[16.900820151646204, 2372.0]
980, 823, 66, 523, 884:[16.725258198883754, 2372.0]
157, 28, 809, 274, 145:[19.896182648786098, 2475.0]
647, 893, 982, 440, 27:[19.3708029209272, 2513.0]
647, 893, 982, 440, 883:[19.03499248051951, 2513.0]
278, 72, 775, 239, 832:[17.073203681834197, 2556.0]
822, 520, 775, 239, 278:[16.294608367527136, 2556.0]
822, 520, 775, 239, 832:[16.1115822005758, 2556.0]
210, 617, 885, 71, 522:[21.573868382607206, 2582.0]
742, 735, 28, 274, 157:[20.11866883018208, 2626.0]
742, 735, 28, 809, 157:[20.0167832488422, 2626.0]
157, 28, 809, 274, 735:[19.908353557975676, 2626.0]
28, 735, 145, 346, 274:[18.26783713784854, 2626.0]
157, 28, 809, 346, 735:[18.0894144362985, 2626.0]
742, 735, 28, 274, 145:[18.070997842752995, 2626.0]
742, 735, 28, 274, 809:[17.599814162579023, 2626.0]
617, 937, 522, 885, 71:[19.855128730707346, 2660.0]
412, 829, 256, 120, 740:[19.22682562193864, 2670.0]
647, 893, 982, 440, 494:[18.76547224311567, 2671.0]
371, 18, 918, 886, 401:[20.756999253220126, 2798.0]
18, 554, 401, 918, 886:[19.915651712862484, 2798.0]
101, 903, 229, 657, 147:[16.402324265789993, 2980.0]
67, 797, 966, 746, 692:[16.818699695946858, 2987.0]
387, 285, 614, 720, 112:[17.51006985590418, 3025.0]
295, 585, 947, 937, 529:[16.40112998096888, 3238.0]
