346, 217:[681.3013339999995, 594.0]
283, 217:[471.8772259999996, 594.0]
515, 217:[417.5322980000002, 595.0]
33, 217:[446.60148499999997, 697.0]
494, 368:[437.6250419999998, 724.0]
692, 368:[459.17098300000055, 732.0]
829, 368:[601.7169349999994, 742.0]
626, 496:[373.60820500000057, 799.0]
438, 684:[416.21766499999967, 801.0]
862, 494:[355.2127330000004, 816.0]
947, 217:[359.2305809999996, 822.0]
214, 354:[380.1747639999998, 891.0]
385, 684:[323.18538599999954, 902.0]
895, 120:[342.80763399999995, 908.0]
853, 795:[408.7357890000002, 911.0]
623, 795:[400.15440300000023, 911.0]
788, 956:[362.64461899999975, 917.0]
888, 217:[270.661851, 920.0]
969, 208:[399.25736799999976, 949.0]
581, 966:[330.5419900000001, 949.0]
842, 803:[301.3278630000002, 990.0]
960, 471:[476.15460399999904, 992.0]
842, 579:[290.61585299999956, 1026.0]
937, 368:[351.01774899999936, 1040.0]
183, 766:[302.2145479999996, 1041.0]
529, 368:[310.4310719999998, 1046.0]
766, 368:[258.44937899999996, 1046.0]
120, 829:[288.3327240000001, 1055.0]
775, 177:[266.62874800000003, 1056.0]
919, 460:[290.902889, 1067.0]
598, 529:[473.9413840000005, 1080.0]
966, 438:[339.24211299999956, 1080.0]
100, 362:[281.93427000000025, 1090.0]
487, 510:[327.6456570000007, 1094.0]
984, 793:[316.574668, 1106.0]
883, 494:[331.6935919999998, 1127.0]
354, 722:[287.2204900000006, 1147.0]
366, 183:[298.799792, 1178.0]
879, 825:[279.0586579999999, 1239.0]
918, 362:[267.56719000000004, 1270.0]
719, 157:[256.405766, 1306.0]
746, 966:[300.9561400000001, 1341.0]
912, 348:[275.2724910000004, 1458.0]
834, 175:[280.906088, 1590.0]
145, 419:[309.40520899999996, 1642.0]
684, 766:[312.38630200000006, 1673.0]
937, 529:[257.38949400000007, 1714.0]
54, 944:[313.7832689999998, 1762.0]
