704, 825, 39:[258.3442329769997, 713.0]
853, 623, 795:[179.69112555399994, 911.0]
853, 571, 795:[173.12911328900037, 925.0]
969, 458, 888:[193.44518107600013, 949.0]
969, 290, 208:[189.36778306800016, 949.0]
534, 995, 470:[163.97438131400003, 1085.0]
895, 862, 120:[146.246529114, 1094.0]
546, 923, 661:[139.57672836299994, 1163.0]
923, 661, 947:[136.4243625570001, 1163.0]
708, 978, 883:[134.5867799909999, 1164.0]
663, 871, 471:[139.97232741599979, 1197.0]
842, 572, 803:[143.02260074100033, 1201.0]
842, 350, 803:[141.83984341199985, 1201.0]
842, 572, 579:[138.41042184100004, 1224.0]
842, 350, 579:[135.93556843399998, 1235.0]
661, 947, 217:[141.45435940999988, 1247.0]
546, 217, 661:[141.0566407180001, 1247.0]
546, 217, 923:[136.073324754, 1247.0]
285, 947, 32:[149.70700956899987, 1284.0]
716, 4, 373:[141.49461859800002, 1348.0]
682, 494, 368:[155.47366161400032, 1364.0]
