33, 283, 217, 346:[108.71558380738902, 697.0]
515, 283, 33, 346:[101.91800776174496, 697.0]
515, 33, 217, 346:[101.07713589294622, 697.0]
515, 283, 217, 346:[100.25365665841306, 697.0]
969, 458, 888, 208:[93.9194352882809, 949.0]
969, 290, 888, 208:[92.62426851015314, 949.0]
969, 290, 458, 208:[90.13924655125095, 949.0]
857, 793, 21, 413:[81.89843136914014, 1008.0]
158, 583, 617, 354:[69.03621260612802, 1073.0]
572, 803, 350, 411:[65.90848266270191, 1201.0]
819, 765, 70, 684:[76.08358328278095, 1221.0]
572, 579, 803, 411:[66.22978839094307, 1224.0]
572, 579, 350, 803:[65.58001833594608, 1235.0]
