969, 458, 290, 208, 888:[44.329208901822696, 949.0]
842, 572, 411, 803, 350:[31.26165317036836, 1201.0]
105, 862, 815, 944, 494:[30.011508198300962, 1217.0]
546, 217, 923, 661, 947:[32.07592491452346, 1247.0]
371, 18, 918, 554, 401:[19.74622278618222, 1376.0]
533, 72, 96, 642, 594:[25.710123172168693, 1378.0]
533, 72, 96, 642, 183:[25.320469347094104, 1378.0]
96, 72, 183, 541, 594:[23.189523771224298, 1378.0]
942, 837, 413, 783, 299:[17.943615770450517, 1552.0]
942, 837, 413, 783, 276:[16.148135901415543, 1552.0]
229, 631, 581, 401, 509:[20.09837426927317, 1600.0]
252, 38, 526, 283, 71:[22.395713717609077, 1605.0]
299, 837, 634, 413, 276:[20.903738644430845, 1616.0]
783, 837, 413, 276, 634:[16.891910301596003, 1616.0]
66, 967, 675, 886, 85:[22.035129734809946, 1670.0]
11, 995, 793, 470, 534:[18.931092936392098, 1761.0]
100, 617, 69, 362, 54:[18.435138514463432, 1809.0]
375, 721, 790, 731, 385:[17.621945294683954, 1822.0]
436, 628, 272, 168, 154:[25.150427258764193, 1837.0]
708, 294, 853, 883, 978:[19.02399663127758, 1860.0]
982, 893, 440, 27, 883:[20.388072248643535, 1878.0]
150, 826, 236, 852, 906:[20.651812179176176, 1909.0]
314, 1, 470, 823, 66:[18.835573670073515, 1936.0]
314, 1, 470, 823, 884:[17.997997034352128, 1936.0]
66, 823, 470, 884, 1:[17.339735103624104, 1936.0]
375, 721, 790, 731, 885:[16.559500033169194, 1947.0]
781, 78, 259, 177, 775:[22.128998897461365, 1997.0]
647, 893, 982, 517, 27:[19.234474087259763, 2000.0]
485, 216, 387, 409, 692:[16.464914216338844, 2029.0]
721, 731, 385, 885, 283:[16.769414237509665, 2043.0]
