969, 458, 290, 208, 888:[44.329208901822696, 949.0]
935, 638, 888, 192, 487:[29.785036884199787, 1117.0]
309, 510, 620, 90, 120:[27.109778387624676, 1158.0]
105, 862, 494, 815, 944:[30.011508198300962, 1217.0]
572, 579, 350, 411, 803:[30.33103183273988, 1235.0]
546, 217, 947, 923, 661:[32.07592491452347, 1247.0]
58, 752, 354, 480, 27:[27.06948166193292, 1329.0]
801, 461, 392, 569, 862:[28.95386486012451, 1343.0]
533, 72, 96, 642, 594:[25.710123172168693, 1378.0]
533, 72, 96, 642, 541:[24.5138529323884, 1378.0]
96, 72, 594, 541, 183:[23.189523771224298, 1378.0]
642, 96, 72, 183, 541:[22.867136963897014, 1378.0]
942, 837, 413, 783, 299:[17.943615770450517, 1552.0]
942, 837, 413, 783, 276:[16.148135901415543, 1552.0]
357, 27, 752, 354, 480:[27.874482396848705, 1596.0]
229, 631, 581, 509, 758:[18.68953361908958, 1600.0]
631, 758, 509, 401, 581:[18.095554386504848, 1600.0]
252, 38, 283, 526, 71:[22.39571371760908, 1605.0]
299, 837, 634, 413, 276:[20.903738644430845, 1616.0]
783, 837, 634, 299, 276:[19.056110200959044, 1616.0]
709, 600, 177, 310, 970:[18.56314192674148, 1632.0]
66, 967, 675, 886, 85:[22.035129734809946, 1670.0]
659, 157, 470, 810, 960:[26.449180450431612, 1707.0]
735, 346, 274, 145, 809:[17.021721130704236, 1707.0]
38, 57, 362, 21, 918:[24.493589699153375, 1709.0]
900, 236, 617, 829, 814:[21.719636969115463, 1722.0]
909, 676, 78, 980, 183:[18.456212191887342, 1725.0]
910, 960, 175, 597, 766:[21.53038332786105, 1727.0]
921, 593, 71, 509, 354:[18.710294936693497, 1727.0]
7, 606, 854, 975, 419:[24.773202809312977, 1739.0]
11, 995, 793, 470, 534:[18.931092936392098, 1761.0]
240, 17, 956, 236, 541:[24.070888665538515, 1779.0]
41, 116, 208, 541, 606:[20.698928701111456, 1786.0]
1, 998, 54, 944, 283:[18.881697285939683, 1806.0]
100, 617, 54, 362, 69:[18.43513851446343, 1809.0]
511, 594, 614, 112, 387:[18.51669305015737, 1820.0]
375, 721, 385, 731, 790:[17.621945294683954, 1822.0]
436, 628, 168, 154, 272:[25.1504272587642, 1837.0]
721, 731, 385, 790, 283:[18.47821203091562, 1853.0]
375, 721, 385, 731, 283:[16.12782443422611, 1853.0]
262, 294, 708, 853, 883:[20.11955823967779, 1860.0]
262, 294, 708, 853, 978:[19.70686373127499, 1860.0]
708, 294, 853, 978, 883:[19.023996631277573, 1860.0]
174, 241, 950, 766, 692:[17.74744499507919, 1860.0]
764, 489, 242, 279, 392:[19.389628139219482, 1884.0]
150, 826, 236, 852, 906:[20.651812179176176, 1909.0]
352, 708, 294, 978, 883:[18.881527665043897, 1910.0]
622, 325, 692, 736, 368:[16.863697810475244, 1923.0]
66, 823, 523, 884, 1:[17.567384799325517, 1936.0]
66, 823, 523, 884, 470:[16.23725204563048, 1936.0]
326, 774, 950, 526, 722:[16.887226174365793, 1959.0]
781, 78, 259, 177, 775:[22.128998897461365, 1997.0]
989, 921, 593, 354, 509:[20.23359503446054, 2010.0]
485, 216, 387, 409, 692:[16.464914216338844, 2029.0]
731, 790, 385, 283, 885:[17.733776633698703, 2043.0]
590, 41, 208, 606, 116:[17.115433586504636, 2066.0]
852, 236, 906, 826, 204:[19.927124166556155, 2067.0]
910, 100, 362, 69, 617:[19.006108021888647, 2090.0]
163, 890, 581, 25, 782:[19.829589520414636, 2119.0]
190, 890, 25, 782, 163:[18.528687434029525, 2119.0]
898, 890, 163, 190, 581:[18.015325115270922, 2119.0]
898, 890, 163, 190, 782:[17.69136813057112, 2119.0]
950, 774, 403, 722, 526:[17.32593961609839, 2119.0]
936, 510, 961, 73, 603:[17.734855922170034, 2132.0]
603, 510, 961, 684, 73:[16.988353936302193, 2132.0]
823, 523, 1, 874, 884:[17.708862681323154, 2174.0]
1, 523, 874, 470, 884:[17.56487771210984, 2174.0]
262, 597, 240, 470, 75:[17.737172607114704, 2179.0]
633, 906, 39, 132, 181:[18.197139915142778, 2184.0]
181, 906, 39, 132, 12:[17.94793357790642, 2184.0]
562, 132, 906, 181, 633:[16.199324240345522, 2184.0]
499, 511, 614, 594, 112:[18.513856122100506, 2209.0]
499, 511, 614, 594, 285:[16.96440774065545, 2209.0]
428, 784, 401, 94, 684:[18.020662003045846, 2212.0]
751, 78, 21, 205, 163:[17.913955227469806, 2214.0]
513, 509, 120, 97, 438:[20.24550234142628, 2262.0]
483, 120, 513, 97, 840:[19.86000733913069, 2262.0]
483, 120, 513, 97, 438:[19.64258642553936, 2262.0]
840, 513, 120, 509, 438:[18.446074171890906, 2262.0]
562, 132, 906, 181, 12:[17.074415581696, 2306.0]
263, 886, 456, 769, 550:[22.50376087440056, 2313.0]
301, 622, 522, 930, 118:[16.76548023441086, 2326.0]
622, 118, 522, 362, 489:[16.419778799159484, 2326.0]
930, 622, 522, 362, 118:[16.014992405584753, 2326.0]
568, 665, 538, 981, 546:[16.44587432416675, 2331.0]
568, 665, 538, 981, 878:[16.41802983537234, 2331.0]
980, 66, 523, 470, 884:[16.225238605580746, 2372.0]
647, 893, 982, 27, 494:[18.621022313759426, 2404.0]
713, 68, 334, 343, 217:[16.694903545245996, 2432.0]
157, 28, 145, 809, 274:[19.896182648786098, 2475.0]
742, 28, 809, 145, 157:[19.018006430646086, 2475.0]
742, 28, 809, 145, 274:[18.59328165914931, 2475.0]
647, 893, 982, 27, 440:[19.3708029209272, 2513.0]
647, 893, 982, 27, 883:[19.258611341510946, 2513.0]
139, 608, 540, 790, 966:[17.337691080093435, 2539.0]
139, 608, 540, 790, 526:[17.297327147662344, 2539.0]
608, 540, 790, 526, 966:[16.463174206319273, 2539.0]
278, 970, 775, 832, 239:[16.378206941977595, 2556.0]
520, 239, 832, 72, 278:[16.06009162669269, 2556.0]
314, 980, 523, 874, 884:[16.074123980074912, 2610.0]
157, 28, 145, 809, 735:[17.938058048253065, 2626.0]
742, 28, 809, 145, 735:[17.364513904411666, 2626.0]
210, 617, 937, 71, 522:[21.133097141179796, 2660.0]
617, 71, 885, 937, 522:[19.855128730707346, 2660.0]
371, 18, 918, 554, 886:[19.751776825783033, 2798.0]
790, 540, 438, 966, 526:[17.61711827870137, 2880.0]
67, 966, 797, 692, 746:[16.818699695946858, 2987.0]
511, 594, 614, 112, 720:[17.720204194467673, 3025.0]
387, 614, 285, 112, 720:[17.51006985590418, 3025.0]
499, 511, 614, 594, 720:[17.195521444527383, 3025.0]
295, 585, 947, 529, 937:[16.401129980968882, 3238.0]
270, 585, 947, 541, 937:[16.31109127917659, 3238.0]
270, 585, 947, 541, 295:[16.005567271083617, 3238.0]
