533, 72, 183, 594, 541, 642, 96:[5.566487066658494, 1378.0]
942, 837, 783, 634, 299, 413, 276:[4.397999686586472, 1616.0]
262, 294, 708, 853, 352, 978, 883:[4.450056895482093, 1910.0]
336, 509, 71, 593, 989, 354, 921:[4.540779885561052, 2010.0]
898, 890, 163, 190, 25, 782, 581:[4.76317922362802, 2119.0]
66, 823, 523, 874, 884, 470, 1:[4.251717266907264, 2174.0]
499, 511, 614, 594, 387, 285, 112:[4.16117193201944, 2209.0]
483, 120, 513, 97, 509, 840, 438:[4.710711700441272, 2262.0]
562, 132, 906, 12, 181, 39, 633:[4.118004789844571, 2306.0]
301, 622, 522, 930, 362, 118, 489:[4.100198647889211, 2326.0]
136, 568, 665, 981, 878, 538, 546:[4.4566673321855195, 2331.0]
517, 982, 893, 494, 440, 27, 883:[5.0515276060395236, 2513.0]
314, 980, 523, 874, 823, 470, 884:[4.337760089291433, 2610.0]
980, 66, 523, 823, 874, 470, 884:[4.317527941012839, 2610.0]
314, 980, 523, 874, 823, 470, 66:[4.158845373350344, 2610.0]
742, 28, 274, 145, 735, 346, 157:[4.847221421866457, 2626.0]
157, 28, 274, 809, 145, 346, 735:[4.121410613575548, 2626.0]
647, 893, 982, 440, 883, 27, 494:[4.548484529146877, 2671.0]
511, 594, 614, 285, 112, 387, 720:[4.229351578978106, 3025.0]
139, 608, 790, 540, 438, 526, 966:[4.225539694783115, 3146.0]
270, 585, 947, 541, 529, 937, 295:[4.223978117229548, 3238.0]
