346, 283, 217:[223.41703379699976, 697.0]
33, 346, 283:[218.37714462999978, 697.0]
33, 283, 217:[214.70357666700014, 697.0]
704, 825, 39:[258.3442329769997, 713.0]
75, 438, 684:[168.63110069400008, 801.0]
853, 623, 795:[179.69112555399994, 911.0]
853, 571, 795:[173.12911328900037, 925.0]
969, 888, 208:[194.56321157600016, 949.0]
458, 888, 208:[193.47006144800005, 949.0]
969, 458, 888:[193.44518107600013, 949.0]
969, 290, 208:[189.36778306800016, 949.0]
458, 290, 888:[189.23430456799977, 949.0]
815, 862, 494:[140.8093330580001, 1063.0]
105, 862, 494:[139.7754829759998, 1063.0]
105, 815, 494:[136.9963620079998, 1063.0]
158, 583, 354:[145.339600708, 1073.0]
158, 617, 583:[145.16930374500004, 1073.0]
782, 598, 529:[190.4929355380001, 1080.0]
593, 895, 120:[154.00650893799988, 1094.0]
593, 862, 120:[149.36060231900004, 1094.0]
593, 862, 895:[146.4398555589999, 1094.0]
895, 862, 120:[146.246529114, 1094.0]
842, 411, 579:[136.124597216, 1112.0]
815, 494, 944:[135.37979764899998, 1127.0]
105, 494, 944:[139.60514509599977, 1136.0]
546, 923, 661:[139.57672836299994, 1163.0]
923, 661, 947:[136.4243625570001, 1163.0]
663, 871, 471:[139.97232741599979, 1197.0]
842, 572, 350:[143.99547979299996, 1201.0]
579, 803, 350:[141.96809218099986, 1235.0]
842, 350, 579:[135.93556843399998, 1235.0]
661, 947, 217:[141.45435940999988, 1247.0]
546, 217, 661:[141.0566407180001, 1247.0]
923, 217, 947:[137.05846096600018, 1247.0]
716, 4, 373:[141.49461859800002, 1348.0]
682, 494, 368:[155.47366161400032, 1364.0]
