33, 346, 283, 217:[108.71558380738902, 697.0]
515, 33, 346, 283:[101.91800776174496, 697.0]
515, 283, 346, 217:[100.25365665841306, 697.0]
515, 33, 283, 217:[99.48692848682589, 697.0]
969, 458, 208, 888:[93.9194352882809, 949.0]
969, 290, 888, 208:[92.62426851015314, 949.0]
458, 290, 888, 208:[90.91362231681504, 949.0]
969, 458, 290, 888:[90.84922022653205, 949.0]
227, 12, 390, 722:[70.74499448980002, 978.0]
105, 862, 494, 944:[64.29367148668499, 1136.0]
546, 923, 947, 661:[66.27736604233598, 1163.0]
572, 803, 350, 411:[65.90848266270191, 1201.0]
105, 862, 815, 944:[67.4582569435751, 1217.0]
815, 862, 494, 944:[64.16954188846798, 1217.0]
572, 579, 411, 803:[66.22978839094307, 1224.0]
572, 579, 350, 803:[65.58001833594608, 1235.0]
546, 217, 947, 661:[69.76354680934998, 1247.0]
546, 217, 923, 661:[65.92655153858297, 1247.0]
923, 661, 217, 947:[64.99436544372298, 1247.0]
678, 185, 960, 471:[82.00301999887793, 1314.0]
