825, 39:[583.7527629999994, 530.0]
346, 217:[681.3013339999995, 594.0]
33, 217:[446.60148499999997, 697.0]
494, 368:[437.6250419999998, 724.0]
692, 368:[459.17098300000055, 732.0]
829, 368:[601.7169349999994, 742.0]
626, 496:[373.60820500000057, 799.0]
862, 494:[355.2127330000004, 816.0]
947, 217:[359.2305809999996, 822.0]
819, 684:[392.6792159999995, 824.0]
12, 722:[373.63814499999995, 852.0]
895, 120:[342.80763399999995, 908.0]
853, 795:[408.7357890000002, 911.0]
944, 862:[331.58646000000005, 915.0]
888, 217:[270.661851, 920.0]
413, 793:[391.4591999999999, 928.0]
969, 208:[399.25736799999976, 949.0]
842, 803:[301.3278630000002, 990.0]
960, 471:[476.15460399999904, 992.0]
842, 579:[290.61585299999956, 1026.0]
937, 368:[351.01774899999936, 1040.0]
183, 766:[302.2145479999996, 1041.0]
529, 368:[310.4310719999998, 1046.0]
766, 368:[258.44937899999996, 1046.0]
120, 829:[288.3327240000001, 1055.0]
775, 177:[266.62874800000003, 1056.0]
919, 460:[290.902889, 1067.0]
598, 529:[473.9413840000005, 1080.0]
966, 438:[339.24211299999956, 1080.0]
487, 510:[327.6456570000007, 1094.0]
27, 354:[282.5337549999999, 1117.0]
883, 494:[331.6935919999998, 1127.0]
70, 684:[413.291292, 1144.0]
354, 722:[287.2204900000006, 1147.0]
205, 529:[274.27336, 1155.0]
918, 362:[267.56719000000004, 1270.0]
472, 6:[306.07107899999966, 1296.0]
480, 354:[279.13657100000046, 1298.0]
675, 886:[403.6540720000009, 1320.0]
746, 966:[300.9561400000001, 1341.0]
774, 883:[274.21432100000027, 1385.0]
912, 348:[275.2724910000004, 1458.0]
279, 489:[275.5102279999997, 1481.0]
428, 94:[262.7010210000001, 1623.0]
145, 419:[309.40520899999996, 1642.0]
684, 766:[312.38630200000006, 1673.0]
