533, 72, 541, 96, 183, 594, 642:[5.566487066658494, 1378.0]
942, 837, 413, 783, 634, 299, 276:[4.397999686586472, 1616.0]
742, 735, 274, 346, 145, 809, 157:[4.234635857071399, 1707.0]
262, 853, 294, 708, 352, 883, 978:[4.450056895482094, 1910.0]
336, 509, 593, 354, 989, 71, 921:[4.540779885561051, 2010.0]
647, 982, 883, 27, 440, 494, 517:[5.10648481638596, 2112.0]
898, 190, 890, 782, 25, 581, 163:[4.76317922362802, 2119.0]
314, 823, 874, 470, 523, 66, 884:[4.730048847284166, 2174.0]
314, 1, 874, 66, 470, 523, 884:[4.470647119845067, 2174.0]
66, 823, 523, 884, 874, 1, 470:[4.251717266907263, 2174.0]
499, 511, 594, 285, 387, 614, 112:[4.16117193201944, 2209.0]
483, 120, 513, 97, 509, 840, 438:[4.710711700441272, 2262.0]
647, 893, 883, 27, 440, 494, 517:[4.6025907441781495, 2286.0]
562, 906, 12, 132, 181, 39, 633:[4.118004789844571, 2306.0]
301, 522, 622, 118, 489, 930, 362:[4.1001986478892105, 2326.0]
136, 568, 538, 665, 981, 878, 546:[4.45666733218552, 2331.0]
136, 568, 538, 120, 981, 878, 546:[4.2748207293087415, 2331.0]
136, 568, 538, 120, 665, 878, 546:[4.2107755127244095, 2331.0]
136, 981, 665, 120, 878, 538, 546:[4.173940418606054, 2331.0]
136, 568, 538, 120, 665, 981, 546:[4.070914795914304, 2331.0]
314, 980, 523, 66, 1, 823, 884:[4.204592083778659, 2372.0]
742, 28, 274, 145, 346, 157, 809:[4.869587761229301, 2475.0]
517, 982, 27, 494, 440, 893, 883:[5.0515276060395236, 2513.0]
647, 893, 982, 27, 883, 440, 517:[4.60639712660341, 2513.0]
647, 893, 982, 27, 883, 494, 517:[4.448749852594248, 2513.0]
980, 823, 66, 523, 874, 470, 884:[4.317527941012838, 2610.0]
314, 980, 874, 66, 523, 823, 884:[4.221996326232937, 2610.0]
980, 823, 66, 874, 470, 1, 884:[4.13765984582883, 2610.0]
314, 980, 874, 66, 1, 823, 470:[4.117287995452856, 2610.0]
980, 823, 66, 523, 874, 1, 884:[4.111770633235581, 2610.0]
742, 735, 28, 274, 346, 145, 157:[4.8472214218664575, 2626.0]
742, 735, 28, 274, 346, 809, 157:[4.793175890592073, 2626.0]
742, 735, 28, 274, 145, 809, 157:[4.707205878697447, 2626.0]
742, 735, 28, 809, 346, 145, 157:[4.131459683047201, 2626.0]
157, 28, 145, 809, 346, 274, 735:[4.121410613575549, 2626.0]
647, 893, 982, 883, 440, 494, 517:[4.4014549893452095, 2671.0]
647, 893, 982, 27, 440, 494, 517:[4.294154789443425, 2671.0]
486, 242, 438, 8, 75, 684, 71:[4.109207422019304, 2751.0]
511, 594, 614, 112, 285, 720, 387:[4.229351578978106, 3025.0]
499, 511, 285, 614, 387, 720, 112:[4.185033234971949, 3025.0]
499, 511, 594, 285, 387, 720, 112:[4.154533037584816, 3025.0]
139, 540, 790, 608, 438, 966, 526:[4.225539694783114, 3146.0]
270, 947, 585, 541, 529, 937, 295:[4.223978117229548, 3238.0]
270, 585, 541, 529, 937, 295, 72:[4.081491110362197, 3238.0]
