842, 572, 350, 579, 411, 803:[14.293813011090913, 1235.0]
642, 96, 72, 541, 183, 594:[11.307759849501963, 1378.0]
533, 72, 183, 594, 541, 96:[11.035835877051046, 1378.0]
309, 510, 793, 620, 120, 90:[11.965167400107335, 1384.0]
357, 27, 354, 752, 58, 480:[12.531876855955954, 1596.0]
229, 631, 581, 401, 758, 509:[8.691804928069113, 1600.0]
783, 837, 634, 299, 413, 276:[9.322725742689457, 1616.0]
942, 837, 783, 634, 299, 276:[8.522052045752142, 1616.0]
719, 960, 470, 157, 810, 659:[11.360526394744545, 1707.0]
611, 38, 57, 21, 918, 362:[11.728562744328357, 1709.0]
1, 998, 944, 283, 183, 54:[8.592123655039872, 1806.0]
375, 721, 731, 385, 790, 283:[8.384145465354774, 1853.0]
262, 294, 708, 853, 352, 883:[9.647778710550005, 1910.0]
352, 708, 294, 978, 853, 883:[8.675264852242009, 1910.0]
336, 509, 71, 593, 989, 921:[10.06231394124743, 2010.0]
989, 921, 509, 71, 354, 593:[9.241203320665152, 2010.0]
721, 731, 385, 790, 885, 283:[8.821248778966929, 2043.0]
590, 41, 116, 208, 606, 541:[9.264174741274395, 2066.0]
150, 826, 236, 852, 204, 906:[9.603113823503152, 2067.0]
910, 100, 617, 362, 69, 54:[9.213627760299206, 2090.0]
898, 890, 163, 190, 25, 581:[9.382594924637555, 2119.0]
190, 890, 163, 25, 782, 581:[9.191472784153387, 2119.0]
66, 823, 523, 874, 884, 1:[8.727581839586566, 2174.0]
823, 523, 874, 1, 470, 884:[8.463213893727744, 2174.0]
633, 906, 39, 132, 181, 12:[9.281452081195514, 2184.0]
499, 511, 614, 594, 387, 112:[8.552183950285622, 2209.0]
840, 513, 120, 509, 97, 438:[10.276760323203728, 2262.0]
483, 120, 513, 97, 509, 438:[9.761144959608652, 2262.0]
562, 132, 906, 12, 181, 633:[8.08107706491136, 2306.0]
136, 568, 665, 981, 878, 546:[8.24855609295338, 2331.0]
517, 982, 893, 494, 440, 883:[9.939988006377506, 2513.0]
982, 893, 27, 883, 494, 440:[9.886746662209285, 2513.0]
647, 893, 982, 440, 883, 517:[9.056433613093349, 2513.0]
980, 66, 523, 823, 874, 884:[8.43179406258889, 2610.0]
980, 66, 523, 823, 874, 1:[8.007265756139109, 2610.0]
742, 28, 274, 145, 735, 157:[10.021508770075075, 2626.0]
157, 28, 274, 809, 145, 735:[9.424183190803156, 2626.0]
742, 28, 274, 145, 735, 809:[8.527193418594317, 2626.0]
210, 617, 937, 71, 885, 522:[10.175124029009146, 2660.0]
647, 893, 982, 440, 883, 494:[9.163273241342512, 2671.0]
371, 18, 918, 554, 401, 886:[9.831101154878178, 2798.0]
511, 594, 614, 285, 112, 720:[8.323885272152634, 3025.0]
594, 614, 387, 285, 112, 720:[8.076927996686429, 3025.0]
499, 511, 614, 594, 387, 720:[8.006926673385589, 3025.0]
270, 585, 947, 541, 529, 295:[8.271487514426937, 3238.0]
295, 585, 947, 541, 529, 937:[8.243838538806063, 3238.0]
