346, 283, 217:[223.41703379699976, 697.0]
75, 438, 684:[168.63110069400008, 801.0]
853, 623, 795:[179.69112555399994, 911.0]
853, 571, 795:[173.12911328900037, 925.0]
969, 458, 888:[193.44518107600013, 949.0]
969, 290, 888:[192.82498811199977, 949.0]
969, 458, 208:[191.17837099300013, 949.0]
969, 290, 208:[189.36778306800016, 949.0]
458, 290, 888:[189.23430456799977, 949.0]
105, 862, 494:[139.7754829759998, 1063.0]
158, 617, 583:[145.16930374500004, 1073.0]
935, 638, 192:[128.14482429799983, 1117.0]
923, 661, 947:[136.4243625570001, 1163.0]
708, 978, 883:[134.5867799909999, 1164.0]
663, 871, 471:[139.97232741599979, 1197.0]
842, 572, 350:[143.99547979299996, 1201.0]
842, 572, 803:[143.02260074100033, 1201.0]
842, 572, 579:[138.41042184100004, 1224.0]
661, 947, 217:[141.45435940999988, 1247.0]
546, 217, 661:[141.0566407180001, 1247.0]
546, 217, 923:[136.073324754, 1247.0]
716, 4, 373:[141.49461859800002, 1348.0]
682, 494, 368:[155.47366161400032, 1364.0]
