853, 571, 795, 623:[79.93276815927487, 925.0]
969, 458, 208, 888:[93.9194352882809, 949.0]
969, 290, 888, 208:[92.62426851015314, 949.0]
458, 290, 888, 208:[90.91362231681504, 949.0]
969, 458, 290, 888:[90.84922022653205, 949.0]
227, 12, 390, 722:[70.74499448980002, 978.0]
857, 21, 413, 793:[81.89843136914014, 1008.0]
842, 411, 579, 803:[65.13177955561598, 1112.0]
546, 923, 947, 661:[66.27736604233598, 1163.0]
842, 572, 803, 411:[66.73348379650999, 1201.0]
572, 803, 350, 411:[65.90848266270191, 1201.0]
815, 862, 494, 944:[64.16954188846798, 1217.0]
572, 579, 411, 803:[66.22978839094307, 1224.0]
842, 572, 579, 411:[65.39225670927296, 1224.0]
411, 579, 803, 350:[67.59947376713704, 1235.0]
572, 579, 350, 803:[65.58001833594608, 1235.0]
842, 350, 579, 803:[65.0490305129041, 1235.0]
546, 217, 947, 661:[69.76354680934998, 1247.0]
546, 217, 923, 661:[65.92655153858297, 1247.0]
923, 661, 217, 947:[64.99436544372298, 1247.0]
678, 185, 960, 471:[82.00301999887793, 1314.0]
