969, 458, 290, 208, 888:[44.329208901822696, 949.0]
842, 572, 411, 579, 803:[31.3874780739637, 1224.0]
572, 579, 803, 411, 350:[30.331031832739875, 1235.0]
546, 217, 947, 923, 661:[32.07592491452347, 1247.0]
801, 461, 392, 569, 862:[28.95386486012451, 1343.0]
642, 96, 541, 594, 183:[24.4851558153907, 1378.0]
90, 510, 793, 120, 620:[25.242745727316663, 1384.0]
309, 510, 90, 620, 793:[24.274463537741312, 1384.0]
942, 837, 413, 783, 299:[17.943615770450517, 1552.0]
942, 837, 413, 783, 276:[16.148135901415543, 1552.0]
252, 38, 283, 526, 71:[22.39571371760908, 1605.0]
783, 837, 413, 276, 634:[16.891910301596003, 1616.0]
709, 600, 310, 177, 970:[18.56314192674148, 1632.0]
66, 967, 675, 886, 85:[22.035129734809946, 1670.0]
719, 960, 659, 157, 470:[24.230347882187804, 1707.0]
909, 676, 183, 78, 980:[18.456212191887342, 1725.0]
7, 606, 419, 975, 854:[24.773202809312977, 1739.0]
11, 995, 793, 470, 534:[18.931092936392098, 1761.0]
240, 17, 541, 956, 236:[24.07088866553851, 1779.0]
100, 617, 69, 362, 54:[18.435138514463432, 1809.0]
511, 594, 614, 112, 387:[18.51669305015737, 1820.0]
375, 721, 790, 731, 385:[17.621945294683954, 1822.0]
436, 628, 168, 154, 272:[25.1504272587642, 1837.0]
721, 731, 385, 790, 283:[18.47821203091562, 1853.0]
262, 294, 708, 853, 883:[20.11955823967779, 1860.0]
262, 294, 708, 853, 978:[19.70686373127499, 1860.0]
174, 241, 692, 766, 950:[17.74744499507919, 1860.0]
150, 826, 236, 852, 906:[20.651812179176176, 1909.0]
622, 325, 692, 736, 368:[16.863697810475244, 1923.0]
66, 823, 470, 884, 1:[17.339735103624104, 1936.0]
66, 823, 470, 884, 523:[16.23725204563048, 1936.0]
375, 721, 790, 731, 885:[16.559500033169194, 1947.0]
781, 78, 259, 177, 775:[22.128998897461365, 1997.0]
485, 216, 387, 409, 692:[16.464914216338844, 2029.0]
731, 790, 385, 283, 885:[17.733776633698703, 2043.0]
590, 41, 208, 606, 116:[17.115433586504636, 2066.0]
910, 100, 617, 362, 54:[19.09450832565422, 2081.0]
163, 890, 25, 581, 782:[19.829589520414636, 2119.0]
190, 890, 163, 25, 782:[18.528687434029525, 2119.0]
898, 890, 163, 190, 581:[18.015325115270922, 2119.0]
898, 890, 163, 190, 782:[17.69136813057112, 2119.0]
936, 510, 961, 73, 603:[17.734855922170034, 2132.0]
603, 510, 961, 684, 73:[16.988353936302193, 2132.0]
262, 597, 240, 470, 75:[17.737172607114704, 2179.0]
751, 78, 21, 205, 163:[17.913955227469806, 2214.0]
483, 120, 509, 513, 840:[19.251373094261147, 2262.0]
483, 120, 509, 513, 438:[18.81218465998649, 2262.0]
840, 513, 120, 509, 438:[18.446074171890906, 2262.0]
893, 440, 494, 27, 883:[19.167780420380247, 2286.0]
263, 886, 456, 769, 550:[22.50376087440056, 2313.0]
301, 622, 522, 930, 118:[16.76548023441086, 2326.0]
622, 118, 522, 362, 489:[16.419778799159484, 2326.0]
930, 622, 522, 362, 118:[16.014992405584753, 2326.0]
136, 568, 981, 878, 538:[16.487216300295742, 2331.0]
546, 665, 878, 538, 981:[16.38964640906041, 2331.0]
136, 568, 981, 878, 120:[16.12660602505042, 2331.0]
980, 66, 523, 470, 884:[16.225238605580746, 2372.0]
713, 68, 334, 343, 217:[16.694903545245996, 2432.0]
157, 28, 809, 274, 145:[19.896182648786098, 2475.0]
647, 893, 982, 440, 27:[19.3708029209272, 2513.0]
647, 893, 982, 440, 517:[17.65859466481639, 2513.0]
278, 970, 775, 72, 239:[16.689247494621533, 2556.0]
822, 520, 775, 239, 278:[16.294608367527136, 2556.0]
822, 520, 775, 239, 832:[16.1115822005758, 2556.0]
157, 28, 809, 274, 735:[19.908353557975676, 2626.0]
210, 617, 937, 71, 522:[21.133097141179796, 2660.0]
617, 71, 937, 885, 522:[19.855128730707346, 2660.0]
412, 256, 829, 120, 740:[19.22682562193864, 2670.0]
647, 893, 982, 440, 494:[18.76547224311567, 2671.0]
371, 18, 918, 554, 886:[19.751776825783033, 2798.0]
67, 966, 797, 692, 746:[16.818699695946858, 2987.0]
511, 594, 614, 112, 720:[17.720204194467673, 3025.0]
387, 614, 285, 112, 720:[17.51006985590418, 3025.0]
594, 614, 720, 285, 112:[17.10249983580256, 3025.0]
270, 585, 529, 947, 295:[16.456180814658087, 3238.0]
295, 585, 937, 947, 529:[16.40112998096888, 3238.0]
270, 585, 529, 947, 541:[16.112861076954502, 3238.0]
