515, 33, 346:[210.43185306699976, 697.0]
515, 283, 346:[206.06895726199983, 697.0]
853, 623, 795:[179.69112555399994, 911.0]
853, 571, 623:[172.0771298840002, 925.0]
458, 888, 208:[193.47006144800005, 949.0]
969, 458, 888:[193.44518107600013, 949.0]
969, 290, 208:[189.36778306800016, 949.0]
458, 290, 888:[189.23430456799977, 949.0]
158, 583, 354:[145.339600708, 1073.0]
158, 617, 583:[145.16930374500004, 1073.0]
546, 923, 661:[139.57672836299994, 1163.0]
923, 661, 947:[136.4243625570001, 1163.0]
708, 978, 883:[134.5867799909999, 1164.0]
572, 803, 350:[140.84931275599988, 1201.0]
572, 579, 350:[138.50302461099994, 1235.0]
661, 947, 217:[141.45435940999988, 1247.0]
546, 217, 661:[141.0566407180001, 1247.0]
923, 217, 947:[137.05846096600018, 1247.0]
185, 960, 471:[161.7318717950001, 1314.0]
716, 4, 373:[141.49461859800002, 1348.0]
682, 494, 368:[155.47366161400032, 1364.0]
631, 541, 494:[138.2208213140002, 1396.0]
