515, 33, 346, 283:[101.91800776174496, 697.0]
853, 571, 795, 623:[79.93276815927487, 925.0]
458, 290, 888, 208:[90.91362231681504, 949.0]
969, 458, 290, 888:[90.84922022653205, 949.0]
227, 12, 722, 390:[70.74499448980004, 978.0]
857, 21, 793, 413:[81.89843136914014, 1008.0]
158, 617, 354, 583:[69.03621260612802, 1073.0]
105, 862, 815, 944:[67.4582569435751, 1217.0]
815, 862, 494, 944:[64.16954188846798, 1217.0]
842, 572, 579, 803:[67.57089319864899, 1224.0]
842, 572, 579, 411:[65.39225670927296, 1224.0]
572, 579, 350, 803:[65.58001833594608, 1235.0]
546, 217, 947, 661:[69.76354680934998, 1247.0]
923, 661, 217, 947:[64.99436544372298, 1247.0]
678, 185, 960, 471:[82.00301999887793, 1314.0]
