515, 33, 283, 217, 346:[49.3456970369209, 697.0]
969, 458, 290, 888, 208:[44.329208901822696, 949.0]
935, 638, 888, 192, 487:[29.785036884199787, 1117.0]
842, 572, 350, 411, 803:[31.261653170368355, 1201.0]
105, 862, 815, 494, 944:[30.011508198300962, 1217.0]
842, 572, 350, 579, 803:[31.963430024698532, 1235.0]
572, 579, 350, 411, 803:[30.33103183273988, 1235.0]
842, 350, 411, 579, 803:[30.060793193564265, 1235.0]
546, 217, 947, 923, 661:[32.07592491452347, 1247.0]
801, 461, 392, 569, 862:[28.95386486012451, 1343.0]
642, 96, 72, 183, 594:[25.533436195569287, 1378.0]
533, 72, 183, 594, 96:[24.893998182603227, 1378.0]
642, 96, 541, 183, 594:[24.4851558153907, 1378.0]
642, 96, 72, 541, 594:[23.22350080863453, 1378.0]
96, 72, 183, 541, 594:[23.189523771224298, 1378.0]
90, 510, 120, 793, 620:[25.24274572731667, 1384.0]
309, 510, 793, 620, 90:[24.274463537741315, 1384.0]
942, 299, 634, 413, 276:[21.5306073395002, 1465.0]
371, 918, 554, 401, 886:[20.060218225565382, 1487.0]
783, 837, 299, 413, 276:[19.565834758374717, 1552.0]
783, 634, 413, 299, 276:[19.370485863346804, 1552.0]
357, 27, 354, 752, 480:[27.874482396848705, 1596.0]
229, 631, 581, 401, 509:[20.09837426927317, 1600.0]
631, 758, 401, 509, 581:[18.095554386504848, 1600.0]
252, 38, 283, 526, 71:[22.39571371760908, 1605.0]
299, 837, 634, 413, 276:[20.903738644430845, 1616.0]
783, 837, 634, 299, 276:[19.056110200959044, 1616.0]
942, 837, 634, 299, 276:[18.92509632612037, 1616.0]
783, 837, 634, 413, 276:[16.891910301596003, 1616.0]
709, 600, 177, 310, 970:[18.56314192674148, 1632.0]
66, 967, 675, 886, 85:[22.035129734809946, 1670.0]
336, 509, 71, 593, 921:[19.57983568656333, 1682.0]
659, 157, 960, 470, 810:[26.449180450431612, 1707.0]
719, 960, 470, 157, 659:[24.230347882187797, 1707.0]
719, 960, 470, 810, 659:[24.21553776099996, 1707.0]
719, 659, 470, 810, 157:[23.868934159885264, 1707.0]
735, 346, 145, 274, 809:[17.021721130704236, 1707.0]
38, 57, 21, 362, 918:[24.493589699153375, 1709.0]
611, 38, 57, 21, 918:[23.539259949393536, 1709.0]
840, 509, 120, 97, 438:[21.893945483791445, 1714.0]
900, 236, 617, 829, 814:[21.719636969115463, 1722.0]
909, 676, 78, 980, 183:[18.456212191887342, 1725.0]
910, 960, 175, 766, 597:[21.530383327861045, 1727.0]
336, 509, 71, 593, 354:[19.768751629619786, 1727.0]
921, 593, 71, 509, 354:[18.710294936693497, 1727.0]
7, 606, 854, 975, 419:[24.773202809312977, 1739.0]
11, 995, 470, 534, 793:[18.931092936392098, 1761.0]
240, 17, 236, 956, 541:[24.070888665538515, 1779.0]
41, 116, 208, 541, 606:[20.698928701111456, 1786.0]
448, 878, 887, 538, 780:[23.46575353522806, 1795.0]
1, 998, 944, 283, 54:[18.881697285939683, 1806.0]
988, 832, 871, 580, 39:[19.757867468777743, 1808.0]
100, 617, 54, 362, 69:[18.43513851446343, 1809.0]
511, 387, 614, 285, 112:[19.35986860372417, 1820.0]
511, 594, 614, 285, 387:[16.57084264220642, 1820.0]
436, 628, 154, 168, 272:[25.150427258764193, 1837.0]
721, 731, 385, 790, 283:[18.47821203091562, 1853.0]
375, 721, 385, 731, 283:[16.12782443422611, 1853.0]
262, 708, 853, 352, 883:[20.120479704556338, 1860.0]
262, 294, 708, 853, 883:[20.11955823967779, 1860.0]
262, 294, 708, 853, 978:[19.70686373127499, 1860.0]
708, 294, 853, 978, 883:[19.023996631277573, 1860.0]
174, 241, 692, 766, 950:[17.74744499507919, 1860.0]
982, 893, 27, 883, 440:[20.38807224864354, 1878.0]
764, 489, 242, 279, 392:[19.389628139219482, 1884.0]
150, 826, 236, 852, 906:[20.651812179176176, 1909.0]
352, 708, 294, 978, 883:[18.881527665043897, 1910.0]
622, 325, 692, 736, 368:[16.863697810475244, 1923.0]
483, 120, 509, 97, 438:[21.28536596040128, 1947.0]
721, 385, 790, 283, 885:[18.53370676658839, 1947.0]
781, 78, 259, 177, 775:[22.128998897461365, 1997.0]
517, 982, 893, 494, 27:[19.4739021008846, 2000.0]
989, 921, 509, 71, 593:[20.43646964288133, 2010.0]
371, 18, 554, 886, 401:[20.435344887412768, 2017.0]
731, 790, 385, 283, 885:[17.733776633698703, 2043.0]
590, 41, 116, 208, 541:[20.128563863892612, 2066.0]
590, 41, 208, 606, 541:[17.92974487118832, 2066.0]
852, 236, 826, 204, 906:[19.92712416655615, 2067.0]
150, 236, 852, 906, 204:[19.86716204375148, 2067.0]
150, 826, 852, 204, 906:[19.82009356823093, 2067.0]
150, 826, 236, 204, 906:[19.752924069891343, 2067.0]
910, 100, 617, 362, 54:[19.09450832565422, 2081.0]
278, 970, 832, 72, 775:[16.377387406380365, 2081.0]
139, 608, 790, 966, 526:[19.36315094440981, 2107.0]
647, 982, 440, 27, 494:[20.719708308668775, 2112.0]
647, 982, 440, 27, 517:[20.297857438150515, 2112.0]
163, 890, 25, 581, 782:[19.829589520414636, 2119.0]
898, 163, 190, 25, 581:[19.00002643074993, 2119.0]
190, 890, 163, 25, 581:[18.21530931364661, 2119.0]
898, 890, 163, 190, 581:[18.015325115270922, 2119.0]
950, 774, 403, 722, 526:[17.32593961609839, 2119.0]
936, 510, 73, 684, 603:[17.84313471080662, 2132.0]
936, 510, 961, 73, 603:[17.734855922170034, 2132.0]
603, 510, 961, 684, 73:[16.988353936302193, 2132.0]
936, 961, 684, 73, 603:[16.653646337739453, 2132.0]
936, 510, 961, 684, 603:[16.039581536908212, 2132.0]
66, 823, 523, 874, 1:[17.997359539121927, 2174.0]
823, 874, 470, 884, 1:[17.768209155987964, 2174.0]
823, 523, 874, 1, 884:[17.70886268132315, 2174.0]
1, 523, 470, 874, 884:[17.56487771210984, 2174.0]
66, 823, 874, 884, 1:[17.222632695042865, 2174.0]
66, 823, 523, 874, 470:[16.84075354790469, 2174.0]
66, 1, 523, 874, 470:[16.781663683212418, 2174.0]
262, 597, 240, 470, 75:[17.737172607114704, 2179.0]
633, 906, 39, 132, 12:[19.31848951601971, 2184.0]
181, 906, 39, 132, 12:[17.94793357790642, 2184.0]
713, 343, 334, 722, 217:[17.435984883262666, 2184.0]
562, 132, 906, 181, 633:[16.199324240345522, 2184.0]
499, 511, 614, 594, 112:[18.513856122100506, 2209.0]
428, 784, 401, 94, 684:[18.020662003045846, 2212.0]
751, 78, 163, 205, 21:[17.913955227469806, 2214.0]
638, 885, 132, 120, 12:[24.870308048738984, 2219.0]
483, 513, 509, 97, 438:[20.773045394946088, 2262.0]
840, 513, 120, 97, 438:[20.510806610904392, 2262.0]
513, 509, 120, 97, 438:[20.24550234142628, 2262.0]
483, 120, 513, 97, 840:[19.86000733913069, 2262.0]
483, 120, 513, 97, 438:[19.64258642553936, 2262.0]
840, 513, 120, 509, 438:[18.446074171890906, 2262.0]
647, 893, 883, 440, 517:[19.555408793378124, 2286.0]
893, 440, 27, 494, 883:[19.167780420380247, 2286.0]
562, 132, 12, 633, 181:[17.639964794797432, 2306.0]
562, 132, 906, 12, 39:[17.14033602103751, 2306.0]
562, 906, 39, 181, 12:[16.445101572576235, 2306.0]
263, 886, 456, 769, 550:[22.50376087440056, 2313.0]
301, 622, 522, 362, 489:[16.793001916962233, 2326.0]
622, 118, 362, 522, 489:[16.419778799159484, 2326.0]
301, 522, 930, 118, 489:[16.40979941420313, 2326.0]
930, 522, 362, 489, 118:[16.389454372457916, 2326.0]
301, 622, 362, 930, 489:[16.241781517643805, 2326.0]
930, 622, 522, 362, 118:[16.014992405584753, 2326.0]
36, 925, 424, 981, 8:[16.18587720374647, 2330.0]
980, 66, 523, 823, 884:[16.725258198883754, 2372.0]
980, 66, 523, 823, 1:[16.625650639974715, 2372.0]
101, 778, 229, 657, 147:[16.220043258673496, 2428.0]
713, 68, 334, 343, 217:[16.694903545245996, 2432.0]
157, 28, 274, 809, 346:[20.369573133790244, 2475.0]
742, 28, 145, 346, 274:[18.84829282410689, 2475.0]
517, 982, 893, 494, 883:[18.74450852175342, 2513.0]
647, 893, 982, 440, 517:[17.65859466481639, 2513.0]
139, 608, 790, 540, 966:[17.337691080093435, 2539.0]
139, 608, 790, 540, 526:[17.297327147662344, 2539.0]
608, 540, 790, 526, 966:[16.463174206319273, 2539.0]
278, 239, 832, 775, 72:[17.073203681834197, 2556.0]
822, 520, 832, 239, 775:[16.1115822005758, 2556.0]
980, 66, 523, 874, 884:[17.110536889589568, 2610.0]
980, 66, 823, 874, 884:[16.972388101446413, 2610.0]
314, 980, 66, 874, 884:[16.93545852218375, 2610.0]
314, 980, 66, 874, 470:[16.125150424091544, 2610.0]
980, 66, 823, 874, 1:[16.121424232916233, 2610.0]
314, 980, 523, 874, 884:[16.074123980074912, 2610.0]
157, 28, 274, 809, 735:[19.908353557975676, 2626.0]
742, 28, 145, 735, 157:[19.656555535936906, 2626.0]
742, 28, 145, 735, 274:[18.070997842752995, 2626.0]
742, 28, 145, 735, 809:[17.36451390441167, 2626.0]
210, 617, 937, 71, 522:[21.133097141179796, 2660.0]
617, 71, 885, 522, 937:[19.855128730707346, 2660.0]
412, 256, 829, 120, 740:[19.22682562193864, 2670.0]
647, 893, 982, 440, 494:[18.76547224311567, 2671.0]
371, 18, 918, 401, 886:[20.756999253220126, 2798.0]
18, 554, 918, 401, 886:[19.915651712862484, 2798.0]
371, 18, 918, 554, 886:[19.751776825783033, 2798.0]
790, 540, 438, 526, 966:[17.617118278701373, 2880.0]
101, 903, 657, 229, 147:[16.402324265789993, 2980.0]
67, 966, 797, 692, 746:[16.818699695946858, 2987.0]
387, 614, 285, 112, 720:[17.51006985590418, 3025.0]
499, 511, 614, 594, 720:[17.195521444527383, 3025.0]
511, 594, 614, 285, 720:[16.18089009037831, 3025.0]
270, 947, 541, 529, 295:[16.825240437021176, 3238.0]
270, 585, 947, 529, 295:[16.456180814658087, 3238.0]
270, 585, 947, 541, 937:[16.31109127917659, 3238.0]
270, 585, 947, 541, 295:[16.005567271083617, 3238.0]
