346, 217:[681.3013339999995, 594.0]
801, 862:[354.2930719999994, 705.0]
494, 368:[437.6250419999998, 724.0]
692, 368:[459.17098300000055, 732.0]
829, 368:[601.7169349999994, 742.0]
448, 538:[353.8879649999997, 791.0]
626, 496:[373.60820500000057, 799.0]
438, 684:[416.21766499999967, 801.0]
862, 494:[355.2127330000004, 816.0]
458, 208:[395.90209899999996, 821.0]
947, 217:[359.2305809999996, 822.0]
72, 937:[304.14356299999986, 886.0]
385, 684:[323.18538599999954, 902.0]
571, 795:[400.80485000000016, 911.0]
623, 795:[400.15440300000023, 911.0]
888, 217:[270.661851, 920.0]
72, 541:[416.64716100000055, 939.0]
290, 888:[420.4257050000002, 949.0]
969, 888:[409.06765699999966, 949.0]
969, 208:[399.25736799999976, 949.0]
631, 494:[325.589074999999, 965.0]
956, 354:[283.6645970000002, 968.0]
960, 471:[476.15460399999904, 992.0]
580, 871:[265.7776850000003, 1012.0]
937, 368:[351.01774899999936, 1040.0]
183, 766:[302.2145479999996, 1041.0]
529, 368:[310.4310719999998, 1046.0]
766, 368:[258.44937899999996, 1046.0]
120, 829:[288.3327240000001, 1055.0]
775, 177:[266.62874800000003, 1056.0]
919, 460:[290.902889, 1067.0]
52, 598:[268.855735, 1068.0]
598, 529:[473.9413840000005, 1080.0]
448, 887:[296.38584299999934, 1083.0]
883, 494:[331.6935919999998, 1127.0]
70, 684:[413.291292, 1144.0]
354, 722:[287.2204900000006, 1147.0]
132, 12:[408.94293999999957, 1189.0]
923, 460:[303.1409280000004, 1198.0]
956, 541:[290.4629550000003, 1201.0]
579, 350:[318.20929400000017, 1235.0]
918, 362:[267.56719000000004, 1270.0]
480, 354:[279.13657100000046, 1298.0]
675, 886:[403.6540720000009, 1320.0]
4, 373:[298.7912849999997, 1348.0]
57, 362:[258.25566900000007, 1433.0]
893, 494:[272.4738719999997, 1541.0]
428, 94:[262.7010210000001, 1623.0]
145, 419:[309.40520899999996, 1642.0]
684, 766:[312.38630200000006, 1673.0]
132, 120:[267.75368600000024, 1961.0]
