33, 346, 283:[218.37714462999978, 697.0]
515, 33, 346:[210.43185306699976, 697.0]
515, 33, 283:[203.94323305499975, 697.0]
704, 825, 39:[258.3442329769997, 713.0]
390, 12, 722:[157.8392265539999, 852.0]
969, 458, 888:[193.44518107600013, 949.0]
969, 458, 208:[191.17837099300013, 949.0]
458, 290, 888:[189.23430456799977, 949.0]
158, 617, 583:[145.16930374500004, 1073.0]
895, 862, 120:[146.246529114, 1094.0]
411, 579, 803:[142.02297261900003, 1112.0]
923, 661, 947:[136.4243625570001, 1163.0]
708, 978, 883:[134.5867799909999, 1164.0]
663, 871, 471:[139.97232741599979, 1197.0]
842, 572, 350:[143.99547979299996, 1201.0]
842, 572, 803:[143.02260074100033, 1201.0]
765, 70, 684:[166.58252959300023, 1221.0]
572, 579, 411:[139.47233394599976, 1224.0]
572, 579, 803:[139.2251785799999, 1224.0]
842, 572, 579:[138.41042184100004, 1224.0]
546, 217, 661:[141.0566407180001, 1247.0]
546, 217, 923:[136.073324754, 1247.0]
285, 947, 32:[149.70700956899987, 1284.0]
678, 185, 960:[165.36859331499997, 1314.0]
185, 960, 471:[161.7318717950001, 1314.0]
682, 494, 368:[155.47366161400032, 1364.0]
631, 541, 494:[138.2208213140002, 1396.0]
