533, 72, 183, 541, 642, 594, 96:[5.566487066658494, 1378.0]
942, 837, 783, 413, 634, 299, 276:[4.397999686586472, 1616.0]
262, 294, 708, 853, 352, 978, 883:[4.450056895482093, 1910.0]
898, 890, 163, 190, 25, 782, 581:[4.76317922362802, 2119.0]
66, 823, 470, 884, 874, 523, 1:[4.251717266907264, 2174.0]
562, 132, 906, 12, 181, 39, 633:[4.118004789844571, 2306.0]
301, 622, 522, 930, 362, 118, 489:[4.100198647889211, 2326.0]
647, 893, 982, 440, 517, 883, 27:[4.60639712660341, 2513.0]
157, 28, 809, 274, 346, 145, 735:[4.121410613575548, 2626.0]
511, 594, 614, 112, 285, 387, 720:[4.229351578978106, 3025.0]
270, 585, 529, 947, 937, 541, 295:[4.223978117229548, 3238.0]
